*P16>LUp;;;;;;;16.59.15;1;1;6;;;;22;4;6;11;12;16;9;18;2;16;13;10;
*z6>LUp;;;;;;;16.59.15;1;6;6;;;;22;4;6;11;12;16;9;18;2;16;13;10;
aP10>LUp;;;;;;;16.59.15;1;6;6;;;;22;4;6;11;12;16;9;18;2;16;13;10;
az6>LUp;;;;;;;16.59.15;1;6;6;;;;22;4;6;11;12;16;9;18;2;16;13;10;
a09SQ-~~~15;;;;;;;16.59.15;1;6;6;1;222;;22;4;6;11;12;16;9;18;2;16;13;10;
*11RQ#~~~15;;;;;;;16.59.15;1;6;6;1;223;;22;4;6;11;12;16;9;18;2;16;13;10;
*16EQ+K1C;;;;;;;16.59.15;1;6;6;1;222;;22;4;6;11;12;16;9;18;2;16;13;10;
*04AQ#J1~37~H1X;s;r;;;;;16.59.19;1;6;6;1;227;;22;4;6;11;12;16;9;18;2;16;13;10;
a11DQ=~~~37~S;s;;;;;;16.59.19;1;6;6;1;227;;22;4;6;11;12;16;9;18;2;16;13;10;
*p01:00;;;;;;;16.59.23;1;6;6;1;232;;22;4;6;11;12;16;9;18;2;16;13;10;
*z5;;;;;;;16.59.23;1;5;6;1;229;;4;6;11;12;16;22;9;18;2;16;13;10;
*04SM-~~~51;;;;;;;16.59.41;1;5;6;1;248;;4;6;11;12;16;22;9;18;2;16;13;10;
a09RM+~~~51~O~~31;;;;;;;16.59.41;1;5;6;1;248;;4;6;11;12;16;22;9;18;2;16;13;10;
a10EQ+K3C;;;;;;;16.59.41;1;5;6;1;248;;4;6;11;12;16;22;9;18;2;16;13;10;
a18AQ-J3~35~H1;;r;;;;;16.59.45;1;5;6;1;252;;4;6;11;12;16;22;9;18;2;16;13;10;
*04DQ+~~~35~S;;;;;;;16.59.45;1;5;6;1;252;;4;6;11;12;16;22;9;18;2;16;13;10;
*11AH#G4~41~H2X3;p;p;;;;;16.59.48;1;5;6;1;255;;4;6;11;12;16;22;9;18;2;16;13;10;
a10DH=~~~41~S;p;;;;;;16.59.48;1;5;6;1;255;;4;6;11;12;16;22;9;18;2;16;13;10;
*p02:00;;;;;;;16.59.57;1;5;6;1;260;;4;6;11;12;16;22;9;18;2;16;13;10;
*04SM-~~~55;;;;;;;17.00.07;1;5;6;1;275;;4;6;11;12;16;22;9;18;2;16;13;10;
a16RM#~~~55~O;;;;;;;17.00.07;1;5;6;1;275;;4;6;11;12;16;22;9;18;2;16;13;10;
a10EQ+K1C;;;;;;;17.00.07;1;5;6;1;275;;4;6;11;12;16;22;9;18;2;16;13;10;
a18AQ-J4~35~H1;;r;;;;;17.00.12;1;5;6;1;279;;4;6;11;12;16;22;9;18;2;16;13;10;
*04DQ+~~~35~S;;;;;;;17.00.12;1;5;6;1;279;;4;6;11;12;16;22;9;18;2;16;13;10;
*11AH-G4~48~T2~3;;p;;;;;17.00.18;1;5;6;1;282;;4;6;11;12;16;22;9;18;2;16;13;10;
a10DH+~~~48~E;;;;;;;17.00.18;1;5;6;1;282;;4;6;11;12;16;22;9;18;2;16;13;10;
a11EH+~~~~2;;;;;;;17.00.25;1;5;6;1;282;;4;6;11;12;16;22;9;18;2;16;13;10;
a02AH#G2~24~H3O;s;s;;;;;17.00.27;1;5;6;1;287;;4;6;11;12;16;22;9;18;2;16;13;10;
*12BH=~~~~4~A3O;s;;;;;;17.00.27;1;5;6;1;287;;4;6;11;12;16;22;9;18;2;16;13;10;
ap02:01;;;;;;;17.00.31;1;5;6;1;292;;4;6;11;12;16;22;9;18;2;16;13;10;
az5;;;;;;;17.00.32;1;5;5;1;298;;4;6;11;12;16;22;18;2;16;13;10;9;
a18SM!~~~55;;;;;;;17.00.41;1;5;5;1;310;;4;6;11;12;16;22;18;2;16;13;10;9;
*22RM!~~~55~~~~42;;;;;;;17.00.41;1;5;5;1;310;;4;6;11;12;16;22;18;2;16;13;10;9;
*16ET+KFF;;;;;;;17.00.41;1;5;5;1;310;;4;6;11;12;16;22;18;2;16;13;10;9;
*11AT+W4~42~H2C;;r;;;;;17.00.45;1;5;5;1;314;;4;6;11;12;16;22;18;2;16;13;10;9;
a13BT-~~~~2~A2;;;;;;;17.00.45;1;5;5;1;314;;4;6;11;12;16;22;18;2;16;13;10;9;
*12DH+~~~4~~C;;;;;;;17.00.48;1;5;5;1;314;;4;6;11;12;16;22;18;2;16;13;10;9;
*11AT#W4~42~T2X2;s;s;;;;;17.00.49;1;5;5;1;317;;4;6;11;12;16;22;18;2;16;13;10;9;
a10DT=~~~42~E~E;s;;;;;;17.00.49;1;5;5;1;317;;4;6;11;12;16;22;18;2;16;13;10;9;
*p03:01;;;;;;;17.00.55;1;5;5;1;322;;4;6;11;12;16;22;18;2;16;13;10;9;
*z4;;;;;;;17.00.55;1;4;5;1;321;;6;11;12;16;22;4;18;2;16;13;10;9;
*06SQ!~~~11;;;;;;;17.01.12;1;4;5;1;339;;6;11;12;16;22;4;18;2;16;13;10;9;
a11RQ!~~~11~~~~21;;;;;;;17.01.12;1;4;5;1;339;;6;11;12;16;22;4;18;2;16;13;10;9;
a10EQ+KBC;;;;;;;17.01.12;1;4;5;1;339;;6;11;12;16;22;4;18;2;16;13;10;9;
a13AQ=J4~35~H1S;p;r;;;;;17.01.17;1;4;5;1;344;;6;11;12;16;22;4;18;2;16;13;10;9;
*$$&H#;p;;;;;;17.01.17;1;4;5;1;344;;6;11;12;16;22;4;18;2;16;13;10;9;
*p04:01;;;;;;;17.01.21;1;4;5;1;349;;6;11;12;16;22;4;18;2;16;13;10;9;
*06SQ#~~~66D;p;;;;;;17.01.35;1;4;5;1;362;;6;11;12;16;22;4;18;2;16;13;10;9;
a09RQ=~~~66DL;p;;;;;;17.01.35;1;4;5;1;362;;6;11;12;16;22;4;18;2;16;13;10;9;
*p05:01;;;;;;;17.01.40;1;4;5;1;368;;6;11;12;16;22;4;18;2;16;13;10;9;
*06SQ!~~~15;;;;;;;17.02.11;1;4;5;1;398;;6;11;12;16;22;4;18;2;16;13;10;9;
a16RQ!~~~15~~~~21;;;;;;;17.02.11;1;4;5;1;398;;6;11;12;16;22;4;18;2;16;13;10;9;
a10EH+KEB;;;;;;;17.02.11;1;4;5;1;398;;6;11;12;16;22;4;18;2;16;13;10;9;
a02AH#G2~24~H2F;s;r;;;;;17.02.16;1;4;5;1;404;;6;11;12;16;22;4;18;2;16;13;10;9;
*12BH=~~~~4~A2F;s;;;;;;17.02.16;1;4;5;1;404;;6;11;12;16;22;4;18;2;16;13;10;9;
*16DT=~~~22~B;;;;;;;17.02.21;1;4;5;1;404;;6;11;12;16;22;4;18;2;16;13;10;9;
ap05:02;;;;;;;17.02.26;1;4;5;1;409;;6;11;12;16;22;4;18;2;16;13;10;9;
az4;;;;;;;17.02.26;1;4;4;1;412;;6;11;12;16;22;4;2;16;13;10;9;18;
a02SQ#~~~66;p;;;;;;17.02.35;1;4;4;1;422;;6;11;12;16;22;4;2;16;13;10;9;18;
*22RQ=~~~66~L;p;;;;;;17.02.35;1;4;4;1;422;;6;11;12;16;22;4;2;16;13;10;9;18;
ap05:03;;;;;;;17.02.40;1;4;4;1;428;;6;11;12;16;22;4;2;16;13;10;9;18;
a02SQ=~~~66~~~O;s;;;;;;17.03.00;1;4;4;1;447;;6;11;12;16;22;4;2;16;13;10;9;18;
*$$&H#;s;;;;;;17.03.00;1;4;4;1;447;;6;11;12;16;22;4;2;16;13;10;9;18;
*p06:03;;;;;;;17.03.06;1;4;4;1;453;;6;11;12;16;22;4;2;16;13;10;9;18;
*z3;;;;;;;17.03.06;1;3;4;1;452;;11;12;16;22;4;6;2;16;13;10;9;18;
*11SQ+~~~56;;;;;;;17.03.26;1;3;4;1;474;;11;12;16;22;4;6;2;16;13;10;9;18;
a09RQ-~~~56;;;;;;;17.03.26;1;3;4;1;474;;11;12;16;22;4;6;2;16;13;10;9;18;
a16AT+W4~42~H3C;;r;;;;;17.03.33;1;3;4;1;479;;11;12;16;22;4;6;2;16;13;10;9;18;
*12BT-~~~~2~A3;;;;;;;17.03.33;1;3;4;1;479;;11;12;16;22;4;6;2;16;13;10;9;18;
a13AQ+J2~33~T1C;;s;;;;;17.03.36;1;3;4;1;482;;11;12;16;22;4;6;2;16;13;10;9;18;
*12BQ-~~~~3~T1;;;;;;;17.03.36;1;3;4;1;482;;11;12;16;22;4;6;2;16;13;10;9;18;
a16AT#W4~42~H3S;s;s;;;;;17.03.38;1;3;4;1;485;;11;12;16;22;4;6;2;16;13;10;9;18;
*12BT=~~~~2~A3S;s;;;;;;17.03.38;1;3;4;1;485;;11;12;16;22;4;6;2;16;13;10;9;18;
ap06:04;;;;;;;17.03.43;1;3;4;1;490;;11;12;16;22;4;6;2;16;13;10;9;18;
az3;;;;;;;17.03.43;1;3;3;1;489;;11;12;16;22;4;6;16;13;10;9;18;2;
a16SQ-~~~16;;;;;;;17.04.05;1;3;3;1;512;;11;12;16;22;4;6;16;13;10;9;18;2;
*08RQ#~~~16;;;;;;;17.04.05;1;3;3;1;512;;11;12;16;22;4;6;16;13;10;9;18;2;
*16ET+K2B;;;;;;;17.04.05;1;3;3;1;512;;11;12;16;22;4;6;16;13;10;9;18;2;
*06AT=Y9~9~~H1S;p;r;;;;;17.04.10;1;3;3;1;518;;11;12;16;22;4;6;16;13;10;9;18;2;
a$$&H#;p;;;;;;17.04.10;1;3;3;1;518;;11;12;16;22;4;6;16;13;10;9;18;2;
ap06:05;;;;;;;17.04.15;1;3;3;1;523;;11;12;16;22;4;6;16;13;10;9;18;2;
a16SQ-~~~15;;;;;;;17.04.35;1;3;3;1;542;;11;12;16;22;4;6;16;13;10;9;18;2;
*22RQ+~~~15~~~~22;;;;;;;17.04.35;1;3;3;1;542;;11;12;16;22;4;6;16;13;10;9;18;2;
*16ET+K8F;;;;;;;17.04.35;1;3;3;1;542;;11;12;16;22;4;6;16;13;10;9;18;2;
*22AT=W4~47~H2S;p;r;;;;;17.04.41;1;3;3;1;548;;11;12;16;22;4;6;16;13;10;9;18;2;
a$$&H#;p;;;;;;17.04.41;1;3;3;1;548;;11;12;16;22;4;6;16;13;10;9;18;2;
ap06:06;;;;;;;17.04.48;1;3;3;1;553;;11;12;16;22;4;6;16;13;10;9;18;2;
a16SQ-~~~66;;;;;;;17.05.07;1;3;3;1;574;;11;12;16;22;4;6;16;13;10;9;18;2;
*08RQ+~~~66~~~~21;;;;;;;17.05.07;1;3;3;1;574;;11;12;16;22;4;6;16;13;10;9;18;2;
*16ET+K2F;;;;;;;17.05.07;1;3;3;1;574;;11;12;16;22;4;6;16;13;10;9;18;2;
*22AT#W4~42~H2F;s;r;;;;;17.05.13;1;3;3;1;579;;11;12;16;22;4;6;16;13;10;9;18;2;
a13BT=~~~~2~A2F;s;;;;;;17.05.13;1;3;3;1;579;;11;12;16;22;4;6;16;13;10;9;18;2;
*p07:06;;;;;;;17.05.18;1;3;3;1;584;;11;12;16;22;4;6;16;13;10;9;18;2;
*z2;;;;;;;17.05.18;1;2;3;1;584;;12;16;22;4;6;11;16;13;10;9;18;2;
*12SM-~~~16;;;;;;;17.05.30;1;2;3;1;598;;12;16;22;4;6;11;16;13;10;9;18;2;
a16RM#~~~16;;;;;;;17.05.30;1;2;3;1;598;;12;16;22;4;6;11;16;13;10;9;18;2;
a10EQ+K1C;;;;;;;17.05.30;1;2;3;1;598;;12;16;22;4;6;11;16;13;10;9;18;2;
a13AQ-J4~36~H1;;r;;;;;17.05.33;1;2;3;1;601;;12;16;22;4;6;11;16;13;10;9;18;2;
*11DQ+~~~36~S;;;;;;;17.05.33;1;2;3;1;601;;12;16;22;4;6;11;16;13;10;9;18;2;
*22EH+~~B~9;;;;;;;17.05.36;1;2;3;1;601;;12;16;22;4;6;11;16;13;10;9;18;2;
*06AH+G9~91~H2~4;;p;;;;;17.05.38;1;2;3;1;604;;12;16;22;4;6;11;16;13;10;9;18;2;
a02DH/~~~91~S;;;;;;;17.05.38;1;2;3;1;604;;12;16;22;4;6;11;16;13;10;9;18;2;
*22AT-W4~41~H2C1;;p;;;;;17.05.41;1;2;3;1;607;;12;16;22;4;6;11;16;13;10;9;18;2;
a02DT+~~~41~B;;;;;;;17.05.41;1;2;3;1;607;;12;16;22;4;6;11;16;13;10;9;18;2;
a11EH+~~~~4;;;;;;;17.05.43;1;2;3;1;607;;12;16;22;4;6;11;16;13;10;9;18;2;
a09AH#G4~42~H3O;s;s;;;;;17.05.47;1;2;3;1;613;;12;16;22;4;6;11;16;13;10;9;18;2;
*04BH=~~~~2~A3O;s;;;;;;17.05.47;1;2;3;1;613;;12;16;22;4;6;11;16;13;10;9;18;2;
ap07:07;;;;;;;17.05.51;1;2;3;1;618;;12;16;22;4;6;11;16;13;10;9;18;2;
az2;;;;;;;17.05.51;1;2;2;1;617;;12;16;22;4;6;11;13;10;9;18;2;16;
a13SM-~~~55B;;;;;;;17.06.17;1;2;2;1;644;;12;16;22;4;6;11;13;10;9;18;2;16;
*11RM+~~~55BO~~21;;;;;;;17.06.17;1;2;2;1;644;;12;16;22;4;6;11;13;10;9;18;2;16;
*16ET/~~~~9;;;;;;;17.06.22;1;2;2;1;644;;12;16;22;4;6;11;13;10;9;18;2;16;
a18AQ+J2~37~H1;;p;;;;;17.06.25;1;2;2;1;652;;12;16;22;4;6;11;13;10;9;18;2;16;
*08DQ/~~~37;;;;;;;17.06.25;1;2;2;1;652;;12;16;22;4;6;11;13;10;9;18;2;16;
a10FH+~~~~~~~~~F;;;;;;;17.06.29;1;2;2;1;653;;12;16;22;4;6;11;13;10;9;18;2;16;
a18EH+~~~~2;;;;;;;17.06.30;1;2;2;1;653;;12;16;22;4;6;11;13;10;9;18;2;16;
a02AH=G9~95~H2O;s;p;;;;;17.06.31;1;2;2;1;658;;12;16;22;4;6;11;13;10;9;18;2;16;
*$$&H#;s;;;;;;17.06.31;1;2;2;1;658;;12;16;22;4;6;11;13;10;9;18;2;16;
*p08:07;;;;;;;17.06.37;1;2;2;1;663;;12;16;22;4;6;11;13;10;9;18;2;16;
*z1;;;;;;;17.06.37;1;1;2;1;663;;16;22;4;6;11;12;13;10;9;18;2;16;
*16SQ-~~~16;;;;;;;17.06.51;1;1;2;1;678;;16;22;4;6;11;12;13;10;9;18;2;16;
a16RQ+~~~16~~~~22;;;;;;;17.06.51;1;1;2;1;678;;16;22;4;6;11;12;13;10;9;18;2;16;
a10ET+KBF;;;;;;;17.06.51;1;1;2;1;678;;16;22;4;6;11;12;13;10;9;18;2;16;
a09AT#W4~42~H2S;s;r;;;;;17.07.00;1;1;2;1;683;;16;22;4;6;11;12;13;10;9;18;2;16;
*04BT=~~~~2~A2S;s;;;;;;17.07.00;1;1;2;1;683;;16;22;4;6;11;12;13;10;9;18;2;16;
ap08:08;;;;;;;17.07.10;1;1;2;1;688;;16;22;4;6;11;12;13;10;9;18;2;16;
az1;;;;;;;17.07.10;1;1;1;1;696;;16;22;4;6;11;12;10;9;18;2;16;13;
a10SM-~~~17;;;;;;;17.07.15;1;1;1;1;702;;16;22;4;6;11;12;10;9;18;2;16;13;
*11RM+~~~17~~~~32;;;;;;;17.07.15;1;1;1;1;702;;16;22;4;6;11;12;10;9;18;2;16;13;
*16EQ+K8C;;;;;;;17.07.15;1;1;1;1;702;;16;22;4;6;11;12;10;9;18;2;16;13;
*04AQ#J1~35BH1X;s;r;;;;;17.07.24;1;1;1;1;705;;16;22;4;6;11;12;10;9;18;2;16;13;
a11DQ=~~~35BS;s;;;;;;17.07.24;1;1;1;1;705;;16;22;4;6;11;12;10;9;18;2;16;13;
*p09:08;;;;;;;17.07.29;1;1;1;1;710;;16;22;4;6;11;12;10;9;18;2;16;13;
*z6;;;;;;;17.07.29;1;6;1;1;715;;22;4;6;11;12;16;10;9;18;2;16;13;
*22SQ-~~~16;;;;;;;17.07.37;1;6;1;1;724;;22;4;6;11;12;16;10;9;18;2;16;13;
a11RQ+~~~16~~~~21;;;;;;;17.07.37;1;6;1;1;724;;22;4;6;11;12;16;10;9;18;2;16;13;
a10ET+KBF;;;;;;;17.07.37;1;6;1;1;724;;22;4;6;11;12;16;10;9;18;2;16;13;
a02AT-W4~49~T1C;;r;;;;;17.07.42;1;6;1;1;729;;22;4;6;11;12;16;10;9;18;2;16;13;
*06BT+~~~~2~A1;;;;;;;17.07.42;1;6;1;1;729;;22;4;6;11;12;16;10;9;18;2;16;13;
*16DT+~~~41~B;;;;;;;17.07.42;1;6;1;1;729;;22;4;6;11;12;16;10;9;18;2;16;13;
*08EH+~~F~4;;;;;;;17.07.44;1;6;1;1;729;;22;4;6;11;12;16;10;9;18;2;16;13;
*11AH-G4~46~H2C4;;p;;;;;17.07.46;1;6;1;1;732;;22;4;6;11;12;16;10;9;18;2;16;13;
a16DH+~~~46~B;;;;;;;17.07.46;1;6;1;1;732;;22;4;6;11;12;16;10;9;18;2;16;13;
a02AH-G4~45~H2C;;s;;;;;17.07.49;1;6;1;1;735;;22;4;6;11;12;16;10;9;18;2;16;13;
*04BH+~~~~2~A2;;;;;;;17.07.49;1;6;1;1;735;;22;4;6;11;12;16;10;9;18;2;16;13;
*22DH+~~~45~B;;;;;;;17.07.49;1;6;1;1;735;;22;4;6;11;12;16;10;9;18;2;16;13;
*11AH#G4~42~H2S3;p;p;;;;;17.07.52;1;6;1;1;738;;22;4;6;11;12;16;10;9;18;2;16;13;
a18BH=~~~~2~A2S;p;;;;;;17.07.52;1;6;1;1;738;;22;4;6;11;12;16;10;9;18;2;16;13;
*p10:08;;;;;;;17.07.57;1;6;1;1;743;;22;4;6;11;12;16;10;9;18;2;16;13;
*22SQ!~~~16;;;;;;;17.08.14;1;6;1;1;761;;22;4;6;11;12;16;10;9;18;2;16;13;
a11RQ!~~~16~~~~22;;;;;;;17.08.14;1;6;1;1;761;;22;4;6;11;12;16;10;9;18;2;16;13;
a10EQ+K9C;;;;;;;17.08.14;1;6;1;1;761;;22;4;6;11;12;16;10;9;18;2;16;13;
a18AQ#J2~33~H2F;s;r;;;;;17.08.19;1;6;1;1;766;;22;4;6;11;12;16;10;9;18;2;16;13;
*06BQ=~~~~3~T2F;s;;;;;;17.08.19;1;6;1;1;766;;22;4;6;11;12;16;10;9;18;2;16;13;
ap10:09;;;;;;;17.08.25;1;6;1;1;771;;22;4;6;11;12;16;10;9;18;2;16;13;
az6;;;;;;;17.08.25;1;6;6;1;771;;22;4;6;11;12;16;9;18;2;16;13;10;
a09SQ=~~~16~~~O;s;;;;;;17.08.43;1;6;6;1;789;;22;4;6;11;12;16;9;18;2;16;13;10;
*$$&H#;s;;;;;;17.08.43;1;6;6;1;789;;22;4;6;11;12;16;9;18;2;16;13;10;
*p11:09;;;;;;;17.08.45;1;6;6;1;793;;22;4;6;11;12;16;9;18;2;16;13;10;
*z5;;;;;;;17.08.45;1;5;6;1;791;;4;6;11;12;16;22;9;18;2;16;13;10;
*04SM=~~~5~~~~N;s;;;;;;17.09.03;1;5;6;1;810;;4;6;11;12;16;22;9;18;2;16;13;10;
a$$&H#;s;;;;;;17.09.03;1;5;6;1;810;;4;6;11;12;16;22;9;18;2;16;13;10;
ap11:10;;;;;;;17.09.06;1;5;6;1;814;;4;6;11;12;16;22;9;18;2;16;13;10;
az5;;;;;;;17.09.06;1;5;5;1;812;;4;6;11;12;16;22;18;2;16;13;10;9;
a18SM-~~~56;;;;;;;17.09.25;1;5;5;1;833;;4;6;11;12;16;22;18;2;16;13;10;9;
*22RM+~~~56~~~~32;;;;;;;17.09.25;1;5;5;1;833;;4;6;11;12;16;22;18;2;16;13;10;9;
*16EQ+K3C;;;;;;;17.09.25;1;5;5;1;833;;4;6;11;12;16;22;18;2;16;13;10;9;
*12AQ#J3~35~H1X;s;r;;;;;17.09.30;1;5;5;1;837;;4;6;11;12;16;22;18;2;16;13;10;9;
a09DQ=~~~35~S;s;;;;;;17.09.30;1;5;5;1;837;;4;6;11;12;16;22;18;2;16;13;10;9;
*p12:10;;;;;;;17.09.33;1;5;5;1;842;;4;6;11;12;16;22;18;2;16;13;10;9;
*z4;;;;;;;17.09.33;1;4;5;1;839;;6;11;12;16;22;4;18;2;16;13;10;9;
*06SQ-~~~15;;;;;;;17.09.48;1;4;5;1;855;;6;11;12;16;22;4;18;2;16;13;10;9;
a16RQ+~~~15~~~~21;;;;;;;17.09.48;1;4;5;1;855;;6;11;12;16;22;4;18;2;16;13;10;9;
a10ET+K1B;;;;;;;17.09.48;1;4;5;1;855;;6;11;12;16;22;4;18;2;16;13;10;9;
a02AT#W2~24~H2S;s;r;;;;;17.09.52;1;4;5;1;861;;6;11;12;16;22;4;18;2;16;13;10;9;
*12BT=~~~~4~A2S;s;;;;;;17.09.52;1;4;5;1;861;;6;11;12;16;22;4;18;2;16;13;10;9;
ap12:11;;;;;;;17.09.56;1;4;5;1;866;;6;11;12;16;22;4;18;2;16;13;10;9;
az4;;;;;;;17.09.56;1;4;4;1;862;;6;11;12;16;22;4;2;16;13;10;9;18;
a02SQ-~~~68~~~N;;;;;;;17.10.14;1;4;4;1;881;;6;11;12;16;22;4;2;16;13;10;9;18;
*08RQ+~~~68~W~~32;;;;;;;17.10.14;1;4;4;1;881;;6;11;12;16;22;4;2;16;13;10;9;18;
*16ET+K8F;;;;;;;17.10.14;1;4;4;1;881;;6;11;12;16;22;4;2;16;13;10;9;18;
*11AT#W4~45AH2X;s;r;;;;;17.10.18;1;4;4;1;886;;6;11;12;16;22;4;2;16;13;10;9;18;
a09DT=~~~45AS;s;;;;;;17.10.18;1;4;4;1;886;;6;11;12;16;22;4;2;16;13;10;9;18;
*p13:11;;;;;;;17.10.24;1;4;4;1;891;;6;11;12;16;22;4;2;16;13;10;9;18;
*z3;;;;;;;17.10.24;1;3;4;1;890;;11;12;16;22;4;6;2;16;13;10;9;18;
*11SQ=~~~51~~~O;s;;;;;;17.10.46;1;3;4;1;913;;11;12;16;22;4;6;2;16;13;10;9;18;
a$$&H#;s;;;;;;17.10.46;1;3;4;1;913;;11;12;16;22;4;6;2;16;13;10;9;18;
ap13:12;;;;;;;17.10.51;1;3;4;1;918;;11;12;16;22;4;6;2;16;13;10;9;18;
az3;;;;;;;17.10.51;1;3;3;1;917;;11;12;16;22;4;6;16;13;10;9;18;2;
a16SQ-~~~66B;;;;;;;17.11.34;1;3;3;1;961;;11;12;16;22;4;6;16;13;10;9;18;2;
*08RQ+~~~66B~~~32;;;;;;;17.11.34;1;3;3;1;961;;11;12;16;22;4;6;16;13;10;9;18;2;
*16EQ+K2C;;;;;;;17.11.34;1;3;3;1;961;;11;12;16;22;4;6;16;13;10;9;18;2;
*12AQ#J2~35~H1X;s;r;;;;;17.11.39;1;3;3;1;965;;11;12;16;22;4;6;16;13;10;9;18;2;
a11DQ=~~~35~S;s;;;;;;17.11.39;1;3;3;1;965;;11;12;16;22;4;6;16;13;10;9;18;2;
*p14:12;;;;;;;17.11.42;1;3;3;1;970;;11;12;16;22;4;6;16;13;10;9;18;2;
*z2;;;;;;;17.11.42;1;2;3;1;968;;12;16;22;4;6;11;16;13;10;9;18;2;
*12SM-~~~11;;;;;;;17.13.18;1;2;3;1;1066;;12;16;22;4;6;11;16;13;10;9;18;2;
a16RM#~~~11;;;;;;;17.13.18;1;2;3;1;1066;;12;16;22;4;6;11;16;13;10;9;18;2;
a10ET+K1B;;;;;;;17.13.18;1;2;3;1;1066;;12;16;22;4;6;11;16;13;10;9;18;2;
a02AT#Y9~94~H2S;s;r;;;;;17.13.24;1;2;3;1;1070;;12;16;22;4;6;11;16;13;10;9;18;2;
*22BT=~~~~4~A2S;s;;;;;;17.13.24;1;2;3;1;1070;;12;16;22;4;6;11;16;13;10;9;18;2;
ap14:13;;;;;;;17.13.29;1;2;3;1;1075;;12;16;22;4;6;11;16;13;10;9;18;2;
az2;;;;;;;17.13.29;1;2;2;1;1075;;12;16;22;4;6;11;13;10;9;18;2;16;
a13SM-~~~57;;;;;;;17.13.41;1;2;2;1;1088;;12;16;22;4;6;11;13;10;9;18;2;16;
*22RM+~~~57~O~~32;;;;;;;17.13.41;1;2;2;1;1088;;12;16;22;4;6;11;13;10;9;18;2;16;
*16ET+K1B;;;;;;;17.13.41;1;2;2;1;1088;;12;16;22;4;6;11;13;10;9;18;2;16;
*06AT#Y9~95~H2X;s;r;;;;;17.13.46;1;2;2;1;1093;;12;16;22;4;6;11;13;10;9;18;2;16;
a13DT=~~~95~S;s;;;;;;17.13.46;1;2;2;1;1093;;12;16;22;4;6;11;13;10;9;18;2;16;
*p15:13;;;;;;;17.13.49;1;2;2;1;1098;;12;16;22;4;6;11;13;10;9;18;2;16;
*z1;;;;;;;17.13.49;1;1;2;1;1095;;16;22;4;6;11;12;13;10;9;18;2;16;
*16SQ-~~~15;;;;;;;17.14.02;1;1;2;1;1109;;16;22;4;6;11;12;13;10;9;18;2;16;
a09RQ+~~~15~~~~41;;;;;;;17.14.02;1;1;2;1;1109;;16;22;4;6;11;12;13;10;9;18;2;16;
a10EO+K1S;;;;;;;17.14.02;1;1;2;1;1109;;16;22;4;6;11;12;13;10;9;18;2;16;
a10AO-JJ~3~~T;;r;;;;;17.14.08;1;1;2;1;1111;;16;22;4;6;11;12;13;10;9;18;2;16;
*16DO+~~~~3;;;;;;;17.14.08;1;1;2;1;1111;;16;22;4;6;11;12;13;10;9;18;2;16;
*08EH+~~B~2;;;;;;;17.14.14;1;1;2;1;1111;;16;22;4;6;11;12;13;10;9;18;2;16;
*06AH=G2~26DH2O4;s;p;;;;;17.14.16;1;1;2;1;1114;;16;22;4;6;11;12;13;10;9;18;2;16;
a$$&H#;s;;;;;;17.14.16;1;1;2;1;1114;;16;22;4;6;11;12;13;10;9;18;2;16;
ap15:14;;;;;;;17.14.23;1;1;2;1;1119;;16;22;4;6;11;12;13;10;9;18;2;16;
az1;;;;;;;17.14.23;1;1;1;1;1129;;16;22;4;6;11;12;10;9;18;2;16;13;
a10SM-~~~18A;;;;;;;17.15.47;1;1;1;1;1214;;16;22;4;6;11;12;10;9;18;2;16;13;
*22RM+~~~18A~~~32;;;;;;;17.15.47;1;1;1;1;1214;;16;22;4;6;11;12;10;9;18;2;16;13;
*16EQ+K1C;;;;;;;17.15.47;1;1;1;1;1214;;16;22;4;6;11;12;10;9;18;2;16;13;
*04AQ-J1~35~H1;;r;;;;;17.15.52;1;1;1;1;1218;;16;22;4;6;11;12;10;9;18;2;16;13;
a11DQ+~~~35~S;;;;;;;17.15.52;1;1;1;1;1218;;16;22;4;6;11;12;10;9;18;2;16;13;
a02AH=G2~2~~H2O;s;p;;;;;17.15.55;1;1;1;1;1222;;16;22;4;6;11;12;10;9;18;2;16;13;
*$$&H#;s;;;;;;17.15.55;1;1;1;1;1222;;16;22;4;6;11;12;10;9;18;2;16;13;
*p16:14;;;;;;;17.16.02;1;1;1;1;1227;;16;22;4;6;11;12;10;9;18;2;16;13;
*z6;;;;;;;17.16.02;1;6;1;1;1228;;22;4;6;11;12;16;10;9;18;2;16;13;
*22SQ#~~~11D;p;;;;;;17.16.13;1;6;1;1;1240;;22;4;6;11;12;16;10;9;18;2;16;13;
a09RQ=~~~11DL;p;;;;;;17.16.13;1;6;1;1;1240;;22;4;6;11;12;16;10;9;18;2;16;13;
*p17:14;;;;;;;17.16.18;1;6;1;1;1246;;22;4;6;11;12;16;10;9;18;2;16;13;
*22SQ!~~~11C;;;;;;;17.17.51;1;6;1;1;1339;;22;4;6;11;12;16;10;9;18;2;16;13;
a11RQ!~~~11C~~~22;;;;;;;17.17.51;1;6;1;1;1339;;22;4;6;11;12;16;10;9;18;2;16;13;
a10ET+K9F;;;;;;;17.17.51;1;6;1;1;1339;;22;4;6;11;12;16;10;9;18;2;16;13;
a02AT=W4~4~~H2S;p;r;;;;;17.17.56;1;6;1;1;1344;;22;4;6;11;12;16;10;9;18;2;16;13;
*$$&H#;p;;;;;;17.17.56;1;6;1;1;1344;;22;4;6;11;12;16;10;9;18;2;16;13;
*p18:14;;;;;;;17.17.59;1;6;1;1;1349;;22;4;6;11;12;16;10;9;18;2;16;13;
*22SQ-~~~16;;;;;;;17.18.14;1;6;1;1;1361;;22;4;6;11;12;16;10;9;18;2;16;13;
a11RQ+~~~16~~~~21;;;;;;;17.18.14;1;6;1;1;1361;;22;4;6;11;12;16;10;9;18;2;16;13;
a10ET+K2F;;;;;;;17.18.14;1;6;1;1;1361;;22;4;6;11;12;16;10;9;18;2;16;13;
a02AT=W4~41~H1S;p;r;;;;;17.18.18;1;6;1;1;1367;;22;4;6;11;12;16;10;9;18;2;16;13;
*$$&H#;p;;;;;;17.18.18;1;6;1;1;1367;;22;4;6;11;12;16;10;9;18;2;16;13;
*p19:14;;;;;;;17.18.25;1;6;1;1;1372;;22;4;6;11;12;16;10;9;18;2;16;13;
aT;;;;;;;17.18.25;1;6;1;1;1371;;22;4;6;11;12;16;10;9;18;2;16;13;
*22SQ/~~~11;;;;;;;17.19.38;1;6;1;1;1446;;22;4;6;11;12;16;10;9;18;2;16;13;
a09RQ/~~~11;;;;;;;17.19.38;1;6;1;1;1446;;22;4;6;11;12;16;10;9;18;2;16;13;
*04AO#V3~39~H0X;p;p;;;;;17.19.43;1;6;1;1;1448;;22;4;6;11;12;16;10;9;18;2;16;13;
a09DO=~~~39~S;p;;;;;;17.19.43;1;6;1;1;1448;;22;4;6;11;12;16;10;9;18;2;16;13;
*p20:14;;;;;;;17.19.49;1;6;1;1;1453;;22;4;6;11;12;16;10;9;18;2;16;13;
*22SQ!~~~11C;;;;;;;17.20.01;1;6;1;1;1467;;22;4;6;11;12;16;10;9;18;2;16;13;
a11RQ!~~~11C~~~21;;;;;;;17.20.01;1;6;1;1;1467;;22;4;6;11;12;16;10;9;18;2;16;13;
a10ET+KBP;;;;;;;17.20.01;1;6;1;1;1467;;22;4;6;11;12;16;10;9;18;2;16;13;
a16AT#Y8~83~H3F;s;r;;;;;17.20.07;1;6;1;1;1474;;22;4;6;11;12;16;10;9;18;2;16;13;
*04BT=~~~~3~A3F;s;;;;;;17.20.07;1;6;1;1;1474;;22;4;6;11;12;16;10;9;18;2;16;13;
ap20:15;;;;;;;17.20.15;1;6;1;1;1479;;22;4;6;11;12;16;10;9;18;2;16;13;
az6;;;;;;;17.20.15;1;6;6;1;1481;;22;4;6;11;12;16;9;18;2;16;13;10;
a09SQ=~~~15~~~O;s;;;;;;17.20.26;1;6;6;1;1493;;22;4;6;11;12;16;9;18;2;16;13;10;
*$$&H#;s;;;;;;17.20.26;1;6;6;1;1493;;22;4;6;11;12;16;9;18;2;16;13;10;
*p21:15;;;;;;;17.20.29;1;6;6;1;1497;;22;4;6;11;12;16;9;18;2;16;13;10;
*z5;;;;;;;17.20.29;1;5;6;1;1495;;4;6;11;12;16;22;9;18;2;16;13;10;
*c04:09;;;;;;;17.20.29;1;5;6;1;1495;;9;6;11;12;16;22;9;18;2;16;13;10;
ac09:04;;;;;;;17.20.29;1;5;6;1;1495;;9;6;11;12;16;22;4;18;2;16;13;10;
*09SQ+~~~66;;;;;;;17.20.58;1;5;6;1;1526;;9;6;11;12;16;22;4;18;2;16;13;10;
a11RQ-~~~66;;;;;;;17.20.58;1;5;6;1;1526;;9;6;11;12;16;22;4;18;2;16;13;10;
a16AT-W4~45~H2C;;r;;;;;17.21.02;1;5;6;1;1530;;9;6;11;12;16;22;4;18;2;16;13;10;
*22DT+~~~45~B;;;;;;;17.21.02;1;5;6;1;1530;;9;6;11;12;16;22;4;18;2;16;13;10;
*09EH+~~F~4;;;;;;;17.21.05;1;5;6;1;1530;;9;6;11;12;16;22;4;18;2;16;13;10;
*11AH/G4~42~H2A4;s;p;;;;;17.21.06;1;5;6;1;1533;;9;6;11;12;16;22;4;18;2;16;13;10;
a02BH#~~~~2~A2A;s;;;;;;17.21.06;1;5;6;1;1533;;9;6;11;12;16;22;4;18;2;16;13;10;
ap21:16;;;;;;;17.21.11;1;5;6;1;1538;;9;6;11;12;16;22;4;18;2;16;13;10;
az5;;;;;;;17.21.11;1;5;5;1;1537;;9;6;11;12;16;22;18;2;16;13;10;4;
*c09:04;;;;;;;17.21.11;1;5;5;1;1537;;4;6;11;12;16;22;18;2;16;13;10;4;
a18SM-~~~57;;;;;;;17.21.30;1;5;5;1;1558;;4;6;11;12;16;22;18;2;16;13;10;4;
*11RM#~~~57;;;;;;;17.21.30;1;5;5;1;1558;;4;6;11;12;16;22;18;2;16;13;10;4;
*16ET+K1B;;;;;;;17.21.30;1;5;5;1;1558;;4;6;11;12;16;22;18;2;16;13;10;4;
*06AT-W2~24~H2C;;r;;;;;17.21.35;1;5;5;1;1563;;4;6;11;12;16;22;18;2;16;13;10;4;
a13BT+~~~~4~~2;;;;;;;17.21.35;1;5;5;1;1563;;4;6;11;12;16;22;18;2;16;13;10;4;
a18DH+~~~~4;;;;;;;17.21.38;1;5;5;1;1563;;4;6;11;12;16;22;18;2;16;13;10;4;
a16AH-G4~42~H3C;;p;;;;;17.21.40;1;5;5;1;1566;;4;6;11;12;16;22;18;2;16;13;10;4;
*12BH+~~~~2~~3;;;;;;;17.21.40;1;5;5;1;1566;;4;6;11;12;16;22;18;2;16;13;10;4;
*11AT-W4~42~H2C2;;s;;;;;17.21.44;1;5;5;1;1569;;4;6;11;12;16;22;18;2;16;13;10;4;
a02BT+~~~~2~~2;;;;;;;17.21.44;1;5;5;1;1569;;4;6;11;12;16;22;18;2;16;13;10;4;
a18DH+;;;;;;;17.21.46;1;5;5;1;1569;;4;6;11;12;16;22;18;2;16;13;10;4;
a16AT-W4~49~P2;;p;;;;;17.21.48;1;5;5;1;1576;;4;6;11;12;16;22;18;2;16;13;10;4;
*16DT+~~~49;;;;;;;17.21.48;1;5;5;1;1576;;4;6;11;12;16;22;18;2;16;13;10;4;
*11AH#G4~41~H2X4;s;s;;;;;17.21.52;1;5;5;1;1579;;4;6;11;12;16;22;18;2;16;13;10;4;
a10DH=~~~41~S;s;;;;;;17.21.52;1;5;5;1;1579;;4;6;11;12;16;22;18;2;16;13;10;4;
*p22:16;;;;;;;17.21.56;1;5;5;1;1584;;4;6;11;12;16;22;18;2;16;13;10;4;
*z4;;;;;;;17.21.56;1;4;5;1;1582;;6;11;12;16;22;4;18;2;16;13;10;4;
*06SQ!~~~66;;;;;;;17.22.16;1;4;5;1;1603;;6;11;12;16;22;4;18;2;16;13;10;4;
a11RQ!~~~66~~~~22;;;;;;;17.22.16;1;4;5;1;1603;;6;11;12;16;22;4;18;2;16;13;10;4;
a10EQ+K9C;;;;;;;17.22.16;1;4;5;1;1603;;6;11;12;16;22;4;18;2;16;13;10;4;
a13AQ-J4~39~H2;;r;;;;;17.22.20;1;4;5;1;1607;;6;11;12;16;22;4;18;2;16;13;10;4;
*08DQ+~~~39;;;;;;;17.22.20;1;4;5;1;1607;;6;11;12;16;22;4;18;2;16;13;10;4;
*11AT#W4~47~H2X2;p;p;;;;;17.22.26;1;4;5;1;1610;;6;11;12;16;22;4;18;2;16;13;10;4;
a11DT=~~~47~S;p;;;;;;17.22.26;1;4;5;1;1610;;6;11;12;16;22;4;18;2;16;13;10;4;
*p23:16;;;;;;;17.22.34;1;4;5;1;1615;;6;11;12;16;22;4;18;2;16;13;10;4;
*06SQ=~~~1~~~~N;s;;;;;;17.22.43;1;4;5;1;1630;;6;11;12;16;22;4;18;2;16;13;10;4;
a$$&H#;s;;;;;;17.22.43;1;4;5;1;1630;;6;11;12;16;22;4;18;2;16;13;10;4;
ap23:17;;;;;;;17.22.47;1;4;5;1;1635;;6;11;12;16;22;4;18;2;16;13;10;4;
az4;;;;;;;17.22.47;1;4;4;1;1633;;6;11;12;16;22;4;2;16;13;10;4;18;
a02SQ-~~~66;;;;;;;17.23.02;1;4;4;1;1650;;6;11;12;16;22;4;2;16;13;10;4;18;
*22RQ+~~~66~~~~32;;;;;;;17.23.02;1;4;4;1;1650;;6;11;12;16;22;4;2;16;13;10;4;18;
*16ET+K2B;;;;;;;17.23.02;1;4;4;1;1650;;6;11;12;16;22;4;2;16;13;10;4;18;
*06AT#Y9~96~H2X;s;r;;;;;17.23.08;1;4;4;1;1655;;6;11;12;16;22;4;2;16;13;10;4;18;
a11DT=~~~96~S;s;;;;;;17.23.08;1;4;4;1;1655;;6;11;12;16;22;4;2;16;13;10;4;18;
*p24:17;;;;;;;17.23.12;1;4;4;1;1660;;6;11;12;16;22;4;2;16;13;10;4;18;
*z3;;;;;;;17.23.12;1;3;4;1;1658;;11;12;16;22;4;6;2;16;13;10;4;18;
*11SQ=~~~51~~~O;s;;;;;;17.23.37;1;3;4;1;1684;;11;12;16;22;4;6;2;16;13;10;4;18;
a$$&H#;s;;;;;;17.23.37;1;3;4;1;1684;;11;12;16;22;4;6;2;16;13;10;4;18;
ap24:18;;;;;;;17.23.42;1;3;4;1;1690;;11;12;16;22;4;6;2;16;13;10;4;18;
az3;;;;;;;17.23.42;1;3;3;1;1688;;11;12;16;22;4;6;16;13;10;4;18;2;
ac04:09;;;;;;;17.23.42;1;3;3;1;1688;;11;12;16;22;4;6;16;13;10;9;18;2;
ac10:06;;;;;;;17.23.42;1;3;3;1;1688;;11;12;16;22;4;6;16;13;6;9;18;2;
ac02:05;;;;;;;17.23.42;1;3;3;1;1688;;11;12;16;22;4;6;16;13;6;9;18;5;
aP5;;;;;;;17.23.42;1;3;3;1;1688;;11;12;16;22;4;6;16;13;6;9;18;5;
az6;;;;;;;17.23.42;1;3;6;1;1688;;11;12;16;22;4;6;16;13;6;9;18;5;
a16SQ+~~~65;;;;;;;17.24.19;1;3;6;1;1727;;11;12;16;22;4;6;16;13;6;9;18;5;
*22RQ-~~~65;;;;;;;17.24.19;1;3;6;1;1727;;11;12;16;22;4;6;16;13;6;9;18;5;
*22AT/W4~42~H2A;p;r;;;;;17.24.24;1;3;6;1;1733;;11;12;16;22;4;6;16;13;6;9;18;5;
a13BT#~~~~2~A2A;p;;;;;;17.24.24;1;3;6;1;1733;;11;12;16;22;4;6;16;13;6;9;18;5;
ap24:19;;;;;;;17.24.28;1;3;6;1;1738;;11;12;16;22;4;6;16;13;6;9;18;5;
a16SQ-~~~66A;;;;;;;17.24.50;1;3;6;1;1758;;11;12;16;22;4;6;16;13;6;9;18;5;
*08RQ+~~~66A~~~41;;;;;;;17.24.50;1;3;6;1;1758;;11;12;16;22;4;6;16;13;6;9;18;5;
*16ET+K2B;;;;;;;17.24.50;1;3;6;1;1758;;11;12;16;22;4;6;16;13;6;9;18;5;
*06AT#Y9~95~H1N;s;r;;;;;17.24.56;1;3;6;1;1763;;11;12;16;22;4;6;16;13;6;9;18;5;
a11DT=~~~95~S;s;;;;;;17.24.56;1;3;6;1;1763;;11;12;16;22;4;6;16;13;6;9;18;5;
*p25:19;;;;;;;17.25.08;1;3;6;1;1768;;11;12;16;22;4;6;16;13;6;9;18;5;
**1set;;;;;;;17.25.08;2;3;6;1;1774;;;;;;;;;;;;;;
*P16>LUp;;;;;;;17.25.08;2;3;6;1;1774;;16;22;4;6;11;12;9;18;2;16;13;10;
*z1>LUp;;;;;;;17.25.08;2;1;6;1;1774;;16;22;4;6;11;12;9;18;2;16;13;10;
aP10>LUp;;;;;;;17.25.08;2;1;6;1;1774;;16;22;4;6;11;12;9;18;2;16;13;10;
az6>LUp;;;;;;;17.25.08;2;1;6;1;1774;;16;22;4;6;11;12;9;18;2;16;13;10;
*16SM-~~~15;;;;;;;17.29.10;2;1;6;1;2017;;16;22;4;6;11;12;9;18;2;16;13;10;
a16RM#~~~15;;;;;;;17.29.10;2;1;6;1;2017;;16;22;4;6;11;12;9;18;2;16;13;10;
a10EQ+K1C;;;;;;;17.29.10;2;1;6;1;2017;;16;22;4;6;11;12;9;18;2;16;13;10;
a18AQ#J4~31~H1X;s;r;;;;;17.29.14;2;1;6;1;2021;;16;22;4;6;11;12;9;18;2;16;13;10;
*16DQ=~~~31~S;s;;;;;;17.29.14;2;1;6;1;2021;;16;22;4;6;11;12;9;18;2;16;13;10;
ap00:01;;;;;;;17.29.17;2;1;6;1;2026;;16;22;4;6;11;12;9;18;2;16;13;10;
az5;;;;;;;17.29.17;2;1;5;1;2023;;16;22;4;6;11;12;18;2;16;13;10;9;
a18SM-~~~55;;;;;;;17.29.37;2;1;5;1;2044;;16;22;4;6;11;12;18;2;16;13;10;9;
*11RM#~~~55;;;;;;;17.29.37;2;1;5;1;2044;;16;22;4;6;11;12;18;2;16;13;10;9;
*16ET+K1B;;;;;;;17.29.37;2;1;5;1;2044;;16;22;4;6;11;12;18;2;16;13;10;9;
*22AT#W2~25~H2;s;r;;;;;17.29.41;2;1;5;1;2050;;16;22;4;6;11;12;18;2;16;13;10;9;
a18DT=~~~25~S;s;;;;;;17.29.41;2;1;5;1;2050;;16;22;4;6;11;12;18;2;16;13;10;9;
*p01:01;;;;;;;17.29.44;2;1;5;1;2055;;16;22;4;6;11;12;18;2;16;13;10;9;
*z6;;;;;;;17.29.44;2;6;5;1;2050;;22;4;6;11;12;16;18;2;16;13;10;9;
*22SQ-~~~16;;;;;;;17.30.03;2;6;5;1;2070;;22;4;6;11;12;16;18;2;16;13;10;9;
a09RQ#~~~16;;;;;;;17.30.03;2;6;5;1;2070;;22;4;6;11;12;16;18;2;16;13;10;9;
a10ET+K1F;;;;;;;17.30.03;2;6;5;1;2070;;22;4;6;11;12;16;18;2;16;13;10;9;
a16AT#W4~42~H2S;s;r;;;;;17.30.08;2;6;5;1;2076;;22;4;6;11;12;16;18;2;16;13;10;9;
*06BT=~~~~2~A2S;s;;;;;;17.30.08;2;6;5;1;2076;;22;4;6;11;12;16;18;2;16;13;10;9;
ap01:02;;;;;;;17.30.12;2;6;5;1;2081;;22;4;6;11;12;16;18;2;16;13;10;9;
az4;;;;;;;17.30.12;2;6;4;1;2078;;22;4;6;11;12;16;2;16;13;10;9;18;
a02SQ/~~~65;;;;;;;17.30.30;2;6;4;1;2097;;22;4;6;11;12;16;2;16;13;10;9;18;
*11RQ/~~~65;;;;;;;17.30.30;2;6;4;1;2097;;22;4;6;11;12;16;2;16;13;10;9;18;
a09FH#;;;;;;;17.30.36;2;6;4;1;2099;;22;4;6;11;12;16;2;16;13;10;9;18;
a13AQ#J4~35~H2X;p;p;;;;;17.30.40;2;6;4;1;2104;;22;4;6;11;12;16;2;16;13;10;9;18;
*08DQ=~~~35~S;p;;;;;;17.30.40;2;6;4;1;2104;;22;4;6;11;12;16;2;16;13;10;9;18;
ap01:03;;;;;;;17.30.44;2;6;4;1;2109;;22;4;6;11;12;16;2;16;13;10;9;18;
a02SQ#~~~66D;p;;;;;;17.30.58;2;6;4;1;2125;;22;4;6;11;12;16;2;16;13;10;9;18;
*08RQ=~~~66DR;p;;;;;;17.30.58;2;6;4;1;2125;;22;4;6;11;12;16;2;16;13;10;9;18;
ap01:04;;;;;;;17.31.06;2;6;4;1;2131;;22;4;6;11;12;16;2;16;13;10;9;18;
a02SQ=~~~66D~~O;s;;;;;;17.31.23;2;6;4;1;2150;;22;4;6;11;12;16;2;16;13;10;9;18;
*$$&H#;s;;;;;;17.31.23;2;6;4;1;2150;;22;4;6;11;12;16;2;16;13;10;9;18;
*p02:04;;;;;;;17.31.27;2;6;4;1;2155;;22;4;6;11;12;16;2;16;13;10;9;18;
*z5;;;;;;;17.31.27;2;5;4;1;2153;;4;6;11;12;16;22;2;16;13;10;9;18;
*04SM+~~~55;;;;;;;17.31.43;2;5;4;1;2170;;4;6;11;12;16;22;2;16;13;10;9;18;
a09RM-~~~55~O;;;;;;;17.31.43;2;5;4;1;2170;;4;6;11;12;16;22;2;16;13;10;9;18;
a11EH+~~~~4;;;;;;;17.31.47;2;5;4;1;2170;;4;6;11;12;16;22;2;16;13;10;9;18;
a16AH=G4~45~H3O;p;r;;;;;17.31.49;2;5;4;1;2176;;4;6;11;12;16;22;2;16;13;10;9;18;
*$$&H#;p;;;;;;17.31.49;2;5;4;1;2176;;4;6;11;12;16;22;2;16;13;10;9;18;
*p03:04;;;;;;;17.31.55;2;5;4;1;2181;;4;6;11;12;16;22;2;16;13;10;9;18;
*04SM-~~~57;;;;;;;17.32.41;2;5;4;1;2229;;4;6;11;12;16;22;2;16;13;10;9;18;
a16RM#~~~57;;;;;;;17.32.41;2;5;4;1;2229;;4;6;11;12;16;22;2;16;13;10;9;18;
a10EQ+K1C;;;;;;;17.32.41;2;5;4;1;2229;;4;6;11;12;16;22;2;16;13;10;9;18;
a13AQ+J4~33~H2C;;r;;;;;17.32.46;2;5;4;1;2233;;4;6;11;12;16;22;2;16;13;10;9;18;
*11BQ-~~~~3~A2;;;;;;;17.32.46;2;5;4;1;2233;;4;6;11;12;16;22;2;16;13;10;9;18;
a13AQ-J4~34~T2;;s;;;;;17.32.49;2;5;4;1;2236;;4;6;11;12;16;22;2;16;13;10;9;18;
*04DQ+~~~34~E;;;;;;;17.32.49;2;5;4;1;2236;;4;6;11;12;16;22;2;16;13;10;9;18;
*12AQ#J1~35~H0X1;p;p;;;;;17.32.53;2;5;4;1;2239;;4;6;11;12;16;22;2;16;13;10;9;18;
a09DQ=~~~35~S;p;;;;;;17.32.53;2;5;4;1;2239;;4;6;11;12;16;22;2;16;13;10;9;18;
*p04:04;;;;;;;17.32.58;2;5;4;1;2244;;4;6;11;12;16;22;2;16;13;10;9;18;
*04SM-~~~57;;;;;;;17.33.13;2;5;4;1;2260;;4;6;11;12;16;22;2;16;13;10;9;18;
a09RM+~~~57~~~~32;;;;;;;17.33.13;2;5;4;1;2260;;4;6;11;12;16;22;2;16;13;10;9;18;
a10ET+K8B;;;;;;;17.33.13;2;5;4;1;2260;;4;6;11;12;16;22;2;16;13;10;9;18;
a02AT-Y9~94~H2C;;r;;;;;17.33.19;2;5;4;1;2265;;4;6;11;12;16;22;2;16;13;10;9;18;
*11BT+~~~~4~A2;;;;;;;17.33.19;2;5;4;1;2265;;4;6;11;12;16;22;2;16;13;10;9;18;
*06DH+~~~92~B;;;;;;;17.33.20;2;5;4;1;2265;;4;6;11;12;16;22;2;16;13;10;9;18;
*11AT-W4~41~T2~3;;p;;;;;17.33.22;2;5;4;1;2268;;4;6;11;12;16;22;2;16;13;10;9;18;
a02DT+~~~41~E;;;;;;;17.33.22;2;5;4;1;2268;;4;6;11;12;16;22;2;16;13;10;9;18;
a09AT#Y8~81~H4X;s;s;;;;;17.33.26;2;5;4;1;2271;;4;6;11;12;16;22;2;16;13;10;9;18;
*16DT=~~~81~S;s;;;;;;17.33.26;2;5;4;1;2271;;4;6;11;12;16;22;2;16;13;10;9;18;
ap04:05;;;;;;;17.33.30;2;5;4;1;2276;;4;6;11;12;16;22;2;16;13;10;9;18;
az3;;;;;;;17.33.30;2;5;3;1;2276;;4;6;11;12;16;22;16;13;10;9;18;2;
a16SQ-~~~61;;;;;;;17.33.51;2;5;3;1;2298;;4;6;11;12;16;22;16;13;10;9;18;2;
*08RQ#~~~61;;;;;;;17.33.51;2;5;3;1;2298;;4;6;11;12;16;22;16;13;10;9;18;2;
*16EQ+K1C;;;;;;;17.33.51;2;5;3;1;2298;;4;6;11;12;16;22;16;13;10;9;18;2;
*12AQ-J4~33~H1C;;r;;;;;17.33.55;2;5;3;1;2302;;4;6;11;12;16;22;16;13;10;9;18;2;
a13BQ+~~~~3~T1;;;;;;;17.33.55;2;5;3;1;2302;;4;6;11;12;16;22;16;13;10;9;18;2;
a02FH#;;;;;;;17.33.59;2;5;3;1;2305;;4;6;11;12;16;22;16;13;10;9;18;2;
a09AT-W4~42~T2;;p;;;;;17.34.02;2;5;3;1;2308;;4;6;11;12;16;22;16;13;10;9;18;2;
*16DT+~~~42~E;;;;;;;17.34.02;2;5;3;1;2308;;4;6;11;12;16;22;16;13;10;9;18;2;
*22EH+~~B~2;;;;;;;17.34.03;2;5;3;1;2308;;4;6;11;12;16;22;16;13;10;9;18;2;
*06AH-G2~24~H2C4;;s;;;;;17.34.04;2;5;3;1;2311;;4;6;11;12;16;22;16;13;10;9;18;2;
a13BH+~~~~4~A2;;;;;;;17.34.04;2;5;3;1;2311;;4;6;11;12;16;22;16;13;10;9;18;2;
a16EH=;s;;;;;;17.34.07;2;5;3;1;2311;;4;6;11;12;16;22;16;13;10;9;18;2;
*$$&H#;s;;;;;;17.34.07;2;5;3;1;2311;;4;6;11;12;16;22;16;13;10;9;18;2;
*p05:05;;;;;;;17.34.14;2;5;3;1;2316;;4;6;11;12;16;22;16;13;10;9;18;2;
*z4;;;;;;;17.34.14;2;4;3;1;2320;;6;11;12;16;22;4;16;13;10;9;18;2;
*06SQ-~~~18;;;;;;;17.34.30;2;4;3;1;2338;;6;11;12;16;22;4;16;13;10;9;18;2;
a11RQ+~~~18~~~~21;;;;;;;17.34.30;2;4;3;1;2338;;6;11;12;16;22;4;16;13;10;9;18;2;
a10EQ+KBC;;;;;;;17.34.30;2;4;3;1;2338;;6;11;12;16;22;4;16;13;10;9;18;2;
a13AQ#J3~39~H1X;s;r;;;;;17.34.30;2;4;3;1;2342;;6;11;12;16;22;4;16;13;10;9;18;2;
*06DQ=~~~39;s;;;;;;17.34.30;2;4;3;1;2342;;6;11;12;16;22;4;16;13;10;9;18;2;
ap05:06;;;;;;;17.34.51;2;4;3;1;2347;;6;11;12;16;22;4;16;13;10;9;18;2;
az2;;;;;;;17.34.51;2;4;2;1;2357;;6;11;12;16;22;4;13;10;9;18;2;16;
a13SM-~~~55B;;;;;;;17.35.00;2;4;2;1;2367;;6;11;12;16;22;4;13;10;9;18;2;16;
*22RM+~~~55B~~~42;;;;;;;17.35.00;2;4;2;1;2367;;6;11;12;16;22;4;13;10;9;18;2;16;
*16EQ+K8C;;;;;;;17.35.00;2;4;2;1;2367;;6;11;12;16;22;4;13;10;9;18;2;16;
*16EQ=;p;;;;;;17.35.05;2;4;2;1;2367;;6;11;12;16;22;4;13;10;9;18;2;16;
a$$&H#;p;;;;;;17.35.05;2;4;2;1;2367;;6;11;12;16;22;4;13;10;9;18;2;16;
ap05:07;;;;;;;17.35.11;2;4;2;1;2373;;6;11;12;16;22;4;13;10;9;18;2;16;
a13SM+~~~56;;;;;;;17.36.08;2;4;2;1;2434;;6;11;12;16;22;4;13;10;9;18;2;16;
*22RM-~~~56;;;;;;;17.36.08;2;4;2;1;2434;;6;11;12;16;22;4;13;10;9;18;2;16;
*06AH#G9~91DH2X;s;r;;;;;17.36.15;2;4;2;1;2439;;6;11;12;16;22;4;13;10;9;18;2;16;
a02DH=~~~91DS;s;;;;;;17.36.15;2;4;2;1;2439;;6;11;12;16;22;4;13;10;9;18;2;16;
*p06:07;;;;;;;17.36.22;2;4;2;1;2444;;6;11;12;16;22;4;13;10;9;18;2;16;
*z3;;;;;;;17.36.22;2;3;2;1;2448;;11;12;16;22;4;6;13;10;9;18;2;16;
*11SQ#~~~55C;p;;;;;;17.36.38;2;3;2;1;2465;;11;12;16;22;4;6;13;10;9;18;2;16;
a09RQ=~~~55CL;p;;;;;;17.36.38;2;3;2;1;2465;;11;12;16;22;4;6;13;10;9;18;2;16;
*p07:07;;;;;;;17.36.43;2;3;2;1;2471;;11;12;16;22;4;6;13;10;9;18;2;16;
*11SQ!~~~56;;;;;;;17.37.04;2;3;2;1;2491;;11;12;16;22;4;6;13;10;9;18;2;16;
a11RQ!~~~56~~~~31;;;;;;;17.37.04;2;3;2;1;2491;;11;12;16;22;4;6;13;10;9;18;2;16;
a10EQ+KCC~~~1;;;;;;;17.37.04;2;3;2;1;2491;;11;12;16;22;4;6;13;10;9;18;2;16;
a18AQ#J4~33~H1F;s;r;;;;;17.37.11;2;3;2;1;2495;;11;12;16;22;4;6;13;10;9;18;2;16;
*12BQ=~~~~3~T1F;s;;;;;;17.37.11;2;3;2;1;2495;;11;12;16;22;4;6;13;10;9;18;2;16;
ap07:08;;;;;;;17.37.16;2;3;2;1;2500;;11;12;16;22;4;6;13;10;9;18;2;16;
az1;;;;;;;17.37.16;2;3;1;1;2502;;11;12;16;22;4;6;10;9;18;2;16;13;
a10SM-~~~17;;;;;;;17.37.26;2;3;1;1;2513;;11;12;16;22;4;6;10;9;18;2;16;13;
*22RM#~~~17~O;;;;;;;17.37.26;2;3;1;1;2513;;11;12;16;22;4;6;10;9;18;2;16;13;
*16ET+K1P;;;;;;;17.37.26;2;3;1;1;2513;;11;12;16;22;4;6;10;9;18;2;16;13;
*11AT-Y8~81~H1N;;r;;;;;17.37.30;2;3;1;1;2518;;11;12;16;22;4;6;10;9;18;2;16;13;
a10DT+~~~81~S;;;;;;;17.37.30;2;3;1;1;2518;;11;12;16;22;4;6;10;9;18;2;16;13;
a11EH+~~B~2;;;;;;;17.37.33;2;3;1;1;2518;;11;12;16;22;4;6;10;9;18;2;16;13;
a02AH#G2~21~H2X4;p;p;;;;;17.37.35;2;3;1;1;2520;;11;12;16;22;4;6;10;9;18;2;16;13;
*06DH=~~~21~S;p;;;;;;17.37.35;2;3;1;1;2520;;11;12;16;22;4;6;10;9;18;2;16;13;
ap07:09;;;;;;;17.37.40;2;3;1;1;2525;;11;12;16;22;4;6;10;9;18;2;16;13;
a10SM/~~~17;;;;;;;17.37.52;2;3;1;1;2539;;11;12;16;22;4;6;10;9;18;2;16;13;
*12RM/~~~17;;;;;;;17.37.52;2;3;1;1;2539;;11;12;16;22;4;6;10;9;18;2;16;13;
a11FH#;;;;;;;17.37.59;2;3;1;1;2541;;11;12;16;22;4;6;10;9;18;2;16;13;
a02AT#W2~28~T2X;p;p;;;;;17.37.59;2;3;1;1;2550;;11;12;16;22;4;6;10;9;18;2;16;13;
*06DT=~~~28~E;p;;;;;;17.37.59;2;3;1;1;2550;;11;12;16;22;4;6;10;9;18;2;16;13;
ap07:10;;;;;;;17.38.12;2;3;1;1;2555;;11;12;16;22;4;6;10;9;18;2;16;13;
a10SM-~~~19;;;;;;;17.38.44;2;3;1;1;2591;;11;12;16;22;4;6;10;9;18;2;16;13;
*08RM#~~~19;;;;;;;17.38.44;2;3;1;1;2591;;11;12;16;22;4;6;10;9;18;2;16;13;
*16EQ+K2C;;;;;;;17.38.44;2;3;1;1;2591;;11;12;16;22;4;6;10;9;18;2;16;13;
*12AQ#J2~38~H1S;s;r;;;;;17.38.44;2;3;1;1;2595;;11;12;16;22;4;6;10;9;18;2;16;13;
a02BQ=~~~~3~T1S=;s;;;;;;17.38.44;2;3;1;1;2595;;11;12;16;22;4;6;10;9;18;2;16;13;
*p08:10;;;;;;;17.38.53;2;3;1;1;2600;;11;12;16;22;4;6;10;9;18;2;16;13;
*z2;;;;;;;17.38.53;2;2;1;1;2599;;12;16;22;4;6;11;10;9;18;2;16;13;
*T;;;;;;;17.38.53;2;2;1;1;2599;;12;16;22;4;6;11;10;9;18;2;16;13;
*12SM-~~~17;;;;;;;17.39.05;2;2;1;1;2612;;12;16;22;4;6;11;10;9;18;2;16;13;
a16RM#~~~17~O;;;;;;;17.39.05;2;2;1;1;2612;;12;16;22;4;6;11;10;9;18;2;16;13;
a10EQ+K2C;;;;;;;17.39.05;2;2;1;1;2612;;12;16;22;4;6;11;10;9;18;2;16;13;
a18AQ/J2~33~H1T;p;r;;;;;17.39.11;2;2;1;1;2617;;12;16;22;4;6;11;10;9;18;2;16;13;
*04BQ#~~~~3~T1T;p;;;;;;17.39.11;2;2;1;1;2617;;12;16;22;4;6;11;10;9;18;2;16;13;
*p09:10;;;;;;;17.39.16;2;2;1;1;2622;;12;16;22;4;6;11;10;9;18;2;16;13;
*12SM-~~~16;;;;;;;17.39.27;2;2;1;1;2634;;12;16;22;4;6;11;10;9;18;2;16;13;
a11RM+~~~16~~~~32;;;;;;;17.39.27;2;2;1;1;2634;;12;16;22;4;6;11;10;9;18;2;16;13;
a10ET+K1P;;;;;;;17.39.27;2;2;1;1;2634;;12;16;22;4;6;11;10;9;18;2;16;13;
a16AT#Y8~85~H1X;s;r;;;;;17.39.32;2;2;1;1;2639;;12;16;22;4;6;11;10;9;18;2;16;13;
*12DT=~~~85~S;s;;;;;;17.39.32;2;2;1;1;2639;;12;16;22;4;6;11;10;9;18;2;16;13;
ap09:11;;;;;;;17.39.36;2;2;1;1;2644;;12;16;22;4;6;11;10;9;18;2;16;13;
az6;;;;;;;17.39.36;2;2;6;1;2642;;12;16;22;4;6;11;9;18;2;16;13;10;
a09SQ+~~~15;;;;;;;17.39.53;2;2;6;1;2661;;12;16;22;4;6;11;9;18;2;16;13;10;
*22RQ-~~~15;;;;;;;17.39.53;2;2;6;1;2661;;12;16;22;4;6;11;9;18;2;16;13;10;
*22AH-G4~46~H2C;;r;;;;;17.39.59;2;2;6;1;2667;;12;16;22;4;6;11;9;18;2;16;13;10;
a09DH+~~~46~B;;;;;;;17.39.59;2;2;6;1;2667;;12;16;22;4;6;11;9;18;2;16;13;10;
a02AH#G2~21~H2X;p;p;;;;;17.40.02;2;2;6;1;2671;;12;16;22;4;6;11;9;18;2;16;13;10;
*06DH=~~~21~S;p;;;;;;17.40.02;2;2;6;1;2671;;12;16;22;4;6;11;9;18;2;16;13;10;
ap09:12;;;;;;;17.40.07;2;2;6;1;2676;;12;16;22;4;6;11;9;18;2;16;13;10;
a09SQ=~~~15~~~R;s;;;;;;17.40.30;2;2;6;1;2697;;12;16;22;4;6;11;9;18;2;16;13;10;
*$$&H#;s;;;;;;17.40.30;2;2;6;1;2697;;12;16;22;4;6;11;9;18;2;16;13;10;
*p10:12;;;;;;;17.40.36;2;2;6;1;2704;;12;16;22;4;6;11;9;18;2;16;13;10;
*z1;;;;;;;17.40.36;2;1;6;1;2702;;16;22;4;6;11;12;9;18;2;16;13;10;
*16SQ=~~~15~~~O;s;;;;;;17.40.51;2;1;6;1;2715;;16;22;4;6;11;12;9;18;2;16;13;10;
a$$&H#;s;;;;;;17.40.51;2;1;6;1;2715;;16;22;4;6;11;12;9;18;2;16;13;10;
ap10:13;;;;;;;17.40.54;2;1;6;1;2719;;16;22;4;6;11;12;9;18;2;16;13;10;
az5;;;;;;;17.40.54;2;1;5;1;2720;;16;22;4;6;11;12;18;2;16;13;10;9;
a18SM-~~~59;;;;;;;17.41.09;2;1;5;1;2735;;16;22;4;6;11;12;18;2;16;13;10;9;
*22RM#~~~59~O;;;;;;;17.41.09;2;1;5;1;2735;;16;22;4;6;11;12;18;2;16;13;10;9;
*16EQ+K1C;;;;;;;17.41.09;2;1;5;1;2735;;16;22;4;6;11;12;18;2;16;13;10;9;
*04AQ#J4~31CH1X;s;r;;;;;17.41.13;2;1;5;1;2741;;16;22;4;6;11;12;18;2;16;13;10;9;
a09DQ=~~~31CS;s;;;;;;17.41.13;2;1;5;1;2741;;16;22;4;6;11;12;18;2;16;13;10;9;
*p11:13;;;;;;;17.41.18;2;1;5;1;2746;;16;22;4;6;11;12;18;2;16;13;10;9;
*z6;;;;;;;17.41.18;2;6;5;1;2744;;22;4;6;11;12;16;18;2;16;13;10;9;
*22SQ!~~~15;;;;;;;17.41.32;2;6;5;1;2760;;22;4;6;11;12;16;18;2;16;13;10;9;
a16RQ!~~~15~~~~32;;;;;;;17.41.32;2;6;5;1;2760;;22;4;6;11;12;16;18;2;16;13;10;9;
a10EQ+K8C;;;;;;;17.41.32;2;6;5;1;2760;;22;4;6;11;12;16;18;2;16;13;10;9;
a13AQ#J4~31~H1X;s;r;;;;;17.41.37;2;6;5;1;2764;;22;4;6;11;12;16;18;2;16;13;10;9;
*16DQ=~~~31~S;s;;;;;;17.41.37;2;6;5;1;2764;;22;4;6;11;12;16;18;2;16;13;10;9;
ap11:14;;;;;;;17.41.41;2;6;5;1;2769;;22;4;6;11;12;16;18;2;16;13;10;9;
az4;;;;;;;17.41.41;2;6;4;1;2767;;22;4;6;11;12;16;2;16;13;10;9;18;
a02SQ-~~~65~~~N;;;;;;;17.42.01;2;6;4;1;2788;;22;4;6;11;12;16;2;16;13;10;9;18;
*11RQ+~~~65~~~~32;;;;;;;17.42.01;2;6;4;1;2788;;22;4;6;11;12;16;2;16;13;10;9;18;
*16ET+K1P;;;;;;;17.42.01;2;6;4;1;2788;;22;4;6;11;12;16;2;16;13;10;9;18;
*22AT#Y8~85~H1X;s;r;;;;;17.42.06;2;6;4;1;2793;;22;4;6;11;12;16;2;16;13;10;9;18;
a11DT=~~~85~S;s;;;;;;17.42.06;2;6;4;1;2793;;22;4;6;11;12;16;2;16;13;10;9;18;
*p12:14;;;;;;;17.42.09;2;6;4;1;2798;;22;4;6;11;12;16;2;16;13;10;9;18;
*z5;;;;;;;17.42.09;2;5;4;1;2795;;4;6;11;12;16;22;2;16;13;10;9;18;
*04SM!~~~58;;;;;;;17.42.23;2;5;4;1;2810;;4;6;11;12;16;22;2;16;13;10;9;18;
a09RM!~~~58~O~~41;;;;;;;17.42.23;2;5;4;1;2810;;4;6;11;12;16;22;2;16;13;10;9;18;
a10ET+KFF;;;;;;;17.42.23;2;5;4;1;2810;;4;6;11;12;16;22;2;16;13;10;9;18;
a16AT!W4~42~H2A;;r;;;;;17.42.31;2;5;4;1;2815;;4;6;11;12;16;22;2;16;13;10;9;18;
*06BT/~~~~2~A2A;s;;;;;;17.42.31;2;5;4;1;2815;;4;6;11;12;16;22;2;16;13;10;9;18;
a$$&H#;s;;;;;;17.42.31;2;5;4;1;2815;;4;6;11;12;16;22;2;16;13;10;9;18;
ap12:15;;;;;;;17.42.44;2;5;4;1;2820;;4;6;11;12;16;22;2;16;13;10;9;18;
az3;;;;;;;17.42.44;2;5;3;1;2830;;4;6;11;12;16;22;16;13;10;9;18;2;
a16SQ+~~~61;;;;;;;17.42.54;2;5;3;1;2841;;4;6;11;12;16;22;16;13;10;9;18;2;
*08RQ-~~~61;;;;;;;17.42.54;2;5;3;1;2841;;4;6;11;12;16;22;16;13;10;9;18;2;
*16ET+K7F;;;;;;;17.42.54;2;5;3;1;2841;;4;6;11;12;16;22;16;13;10;9;18;2;
*11AT#W4~45~H3X;s;r;;;;;17.42.54;2;5;3;1;2847;;4;6;11;12;16;22;16;13;10;9;18;2;
a09BT=;s;;;;;;17.42.54;2;5;3;1;2847;;4;6;11;12;16;22;16;13;10;9;18;2;
a16DT=~~~45~B;;;;;;;17.42.54;2;5;3;1;2847;;4;6;11;12;16;22;16;13;10;9;18;2;
*p13:15;;;;;;;17.43.06;2;5;3;1;2852;;4;6;11;12;16;22;16;13;10;9;18;2;
*z4;;;;;;;17.43.06;2;4;3;1;2852;;6;11;12;16;22;4;16;13;10;9;18;2;
*06SQ+~~~16~~~N;;;;;;;17.43.20;2;4;3;1;2867;;6;11;12;16;22;4;16;13;10;9;18;2;
a16RQ-~~~16;;;;;;;17.43.20;2;4;3;1;2867;;6;11;12;16;22;4;16;13;10;9;18;2;
a11EH+~~~~4;;;;;;;17.43.26;2;4;3;1;2867;;6;11;12;16;22;4;16;13;10;9;18;2;
a09AH=G4~47~H3S;p;r;;;;;17.43.28;2;4;3;1;2872;;6;11;12;16;22;4;16;13;10;9;18;2;
*$$&H#;p;;;;;;17.43.28;2;4;3;1;2872;;6;11;12;16;22;4;16;13;10;9;18;2;
*p14:15;;;;;;;17.43.31;2;4;3;1;2877;;6;11;12;16;22;4;16;13;10;9;18;2;
*06SQ=~~~1~~~~N;s;;;;;;17.43.45;2;4;3;1;2892;;6;11;12;16;22;4;16;13;10;9;18;2;
a$$&H#;s;;;;;;17.43.45;2;4;3;1;2892;;6;11;12;16;22;4;16;13;10;9;18;2;
ap14:16;;;;;;;17.43.49;2;4;3;1;2896;;6;11;12;16;22;4;16;13;10;9;18;2;
az2;;;;;;;17.43.49;2;4;2;1;2895;;6;11;12;16;22;4;13;10;9;18;2;16;
a13SM-~~~57;;;;;;;17.44.04;2;4;2;1;2911;;6;11;12;16;22;4;13;10;9;18;2;16;
*11RM#~~~57;;;;;;;17.44.04;2;4;2;1;2911;;6;11;12;16;22;4;13;10;9;18;2;16;
*16ET+K2B;;;;;;;17.44.04;2;4;2;1;2911;;6;11;12;16;22;4;13;10;9;18;2;16;
*06AT/Y9~94~H2A;p;r;;;;;17.44.10;2;4;2;1;2915;;6;11;12;16;22;4;13;10;9;18;2;16;
a18BT#~~~~4~A2A;p;;;;;;17.44.10;2;4;2;1;2915;;6;11;12;16;22;4;13;10;9;18;2;16;
ap14:17;;;;;;;17.44.13;2;4;2;1;2920;;6;11;12;16;22;4;13;10;9;18;2;16;
a13SM-~~~56;;;;;;;17.44.27;2;4;2;1;2934;;6;11;12;16;22;4;13;10;9;18;2;16;
*22RM+~~~56~~~~22;;;;;;;17.44.27;2;4;2;1;2934;;6;11;12;16;22;4;13;10;9;18;2;16;
*16ET+K9F;;;;;;;17.44.27;2;4;2;1;2934;;6;11;12;16;22;4;13;10;9;18;2;16;
*11AT#W4~41~H2X;s;r;;;;;17.44.33;2;4;2;1;2941;;6;11;12;16;22;4;13;10;9;18;2;16;
a16DT=~~~41~S;s;;;;;;17.44.33;2;4;2;1;2941;;6;11;12;16;22;4;13;10;9;18;2;16;
*p15:17;;;;;;;17.44.36;2;4;2;1;2946;;6;11;12;16;22;4;13;10;9;18;2;16;
*z3;;;;;;;17.44.36;2;3;2;1;2942;;11;12;16;22;4;6;13;10;9;18;2;16;
*11SQ!~~~56;;;;;;;17.45.02;2;3;2;1;2969;;11;12;16;22;4;6;13;10;9;18;2;16;
a11RQ!~~~56~~~~32;;;;;;;17.45.02;2;3;2;1;2969;;11;12;16;22;4;6;13;10;9;18;2;16;
a10ET+K8F;;;;;;;17.45.02;2;3;2;1;2969;;11;12;16;22;4;6;13;10;9;18;2;16;
a09AT/W4~42~H2A;p;r;;;;;17.45.08;2;3;2;1;2975;;11;12;16;22;4;6;13;10;9;18;2;16;
*16BT#~~~~2~A2A;p;;;;;;17.45.08;2;3;2;1;2975;;11;12;16;22;4;6;13;10;9;18;2;16;
*p16:17;;;;;;;17.45.11;2;3;2;1;2980;;11;12;16;22;4;6;13;10;9;18;2;16;
aT;;;;;;;17.45.11;2;3;2;1;2977;;11;12;16;22;4;6;13;10;9;18;2;16;
*11SQ+~~~56D;;;;;;;17.46.50;2;3;2;1;3077;;11;12;16;22;4;6;13;10;9;18;2;16;
a16RQ-~~~56D;;;;;;;17.46.50;2;3;2;1;3077;;11;12;16;22;4;6;13;10;9;18;2;16;
a02AT#Y9~94~H3O;s;r;;;;;17.46.58;2;3;2;1;3084;;11;12;16;22;4;6;13;10;9;18;2;16;
*16BT=~~~~4~A3O;s;;;;;;17.46.58;2;3;2;1;3084;;11;12;16;22;4;6;13;10;9;18;2;16;
ap16:18;;;;;;;17.47.03;2;3;2;1;3089;;11;12;16;22;4;6;13;10;9;18;2;16;
az1;;;;;;;17.47.03;2;3;1;1;3089;;11;12;16;22;4;6;10;9;18;2;16;13;
a10SM!~~~16;;;;;;;17.47.14;2;3;1;1;3101;;11;12;16;22;4;6;10;9;18;2;16;13;
*08RM!~~~16~~~~42;;;;;;;17.47.14;2;3;1;1;3101;;11;12;16;22;4;6;10;9;18;2;16;13;
*16ET+K7F;;;;;;;17.47.14;2;3;1;1;3101;;11;12;16;22;4;6;10;9;18;2;16;13;
*22AT-W4~48~T2;;r;;;;;17.47.17;2;3;1;1;3105;;11;12;16;22;4;6;10;9;18;2;16;13;
a11DT+~~~48~E;;;;;;;17.47.17;2;3;1;1;3105;;11;12;16;22;4;6;10;9;18;2;16;13;
a09AT/W4~42~H2A;s;p;;;;;17.47.23;2;3;1;1;3109;;11;12;16;22;4;6;10;9;18;2;16;13;
*12BT#~~~~2~A2A;s;;;;;;17.47.23;2;3;1;1;3109;;11;12;16;22;4;6;10;9;18;2;16;13;
*p17:18;;;;;;;17.47.27;2;3;1;1;3114;;11;12;16;22;4;6;10;9;18;2;16;13;
*z2;;;;;;;17.47.27;2;2;1;1;3113;;12;16;22;4;6;11;10;9;18;2;16;13;
*c12:09;;;;;;;17.47.27;2;2;1;1;3113;;9;16;22;4;6;11;10;9;18;2;16;13;
*09SQ=~~~6~~~~N;s;;;;;;17.48.33;2;2;1;1;3180;;9;16;22;4;6;11;10;9;18;2;16;13;
a$$&H#;s;;;;;;17.48.33;2;2;1;1;3180;;9;16;22;4;6;11;10;9;18;2;16;13;
ap17:19;;;;;;;17.48.39;2;2;1;1;3186;;9;16;22;4;6;11;10;9;18;2;16;13;
az6;;;;;;;17.48.39;2;2;6;1;3185;;9;16;22;4;6;11;9;18;2;16;13;10;
*c09:12;;;;;;;17.48.39;2;2;6;1;3185;;12;16;22;4;6;11;9;18;2;16;13;10;
a09SQ-~~~16;;;;;;;17.48.57;2;2;6;1;3204;;12;16;22;4;6;11;9;18;2;16;13;10;
*11RQ+~~~16~~~~22;;;;;;;17.48.57;2;2;6;1;3204;;12;16;22;4;6;11;9;18;2;16;13;10;
*16ET+K1B;;;;;;;17.48.57;2;2;6;1;3204;;12;16;22;4;6;11;9;18;2;16;13;10;
*06AT-Y9~95~H2C;;r;;;;;17.49.03;2;2;6;1;3210;;12;16;22;4;6;11;9;18;2;16;13;10;
a11DT+~~~95~B;;;;;;;17.49.03;2;2;6;1;3210;;12;16;22;4;6;11;9;18;2;16;13;10;
a02AT#W2~24~H2O;p;p;;;;;17.49.05;2;2;6;1;3213;;12;16;22;4;6;11;9;18;2;16;13;10;
*04BT=~~~~4~A2O;p;;;;;;17.49.05;2;2;6;1;3213;;12;16;22;4;6;11;9;18;2;16;13;10;
ap17:20;;;;;;;17.49.10;2;2;6;1;3218;;12;16;22;4;6;11;9;18;2;16;13;10;
*c06:03;;;;;;;17.49.10;2;2;6;1;3216;;12;16;22;4;3;11;9;18;2;16;13;10;
a09SQ!~~~16D;;;;;;;17.49.56;2;2;6;1;3263;;12;16;22;4;3;11;9;18;2;16;13;10;
*11RQ!~~~16D~~~21;;;;;;;17.49.56;2;2;6;1;3263;;12;16;22;4;3;11;9;18;2;16;13;10;
*16ET+KBF;;;;;;;17.49.56;2;2;6;1;3263;;12;16;22;4;3;11;9;18;2;16;13;10;
*22AT=W4~4~~T2N;p;r;;;;;17.50.01;2;2;6;1;3268;;12;16;22;4;3;11;9;18;2;16;13;10;
a$$&H#;p;;;;;;17.50.01;2;2;6;1;3268;;12;16;22;4;3;11;9;18;2;16;13;10;
ap17:21;;;;;;;17.50.04;2;2;6;1;3273;;12;16;22;4;3;11;9;18;2;16;13;10;
*c22:14;;;;;;;17.50.04;2;2;6;1;3270;;12;16;14;4;3;11;9;18;2;16;13;10;
*T;;;;;;;17.50.04;2;2;6;1;3270;;12;16;14;4;3;11;9;18;2;16;13;10;
a09SQ-~~~15;;;;;;;17.51.30;2;2;6;1;3357;;12;16;14;4;3;11;9;18;2;16;13;10;
*14RQ#~~~15;;;;;;;17.51.30;2;2;6;1;3357;;12;16;14;4;3;11;9;18;2;16;13;10;
*16ET+K1F;;;;;;;17.51.30;2;2;6;1;3357;;12;16;14;4;3;11;9;18;2;16;13;10;
*14AT#W4~49~H2X;s;r;;;;;17.51.34;2;2;6;1;3362;;12;16;14;4;3;11;9;18;2;16;13;10;
a10DT=~~~49~S;s;;;;;;17.51.34;2;2;6;1;3362;;12;16;14;4;3;11;9;18;2;16;13;10;
*p18:21;;;;;;;17.51.38;2;2;6;1;3367;;12;16;14;4;3;11;9;18;2;16;13;10;
*z1;;;;;;;17.51.38;2;1;6;1;3364;;16;14;4;3;11;12;9;18;2;16;13;10;
ac09:04;;;;;;;17.51.38;2;1;6;1;3364;;16;14;4;3;11;12;4;18;2;16;13;10;
*16SM-~~~15;;;;;;;17.51.57;2;1;6;1;3384;;16;14;4;3;11;12;4;18;2;16;13;10;
a11RM#~~~15;;;;;;;17.51.57;2;1;6;1;3384;;16;14;4;3;11;12;4;18;2;16;13;10;
a10EQ+K1C;;;;;;;17.51.57;2;1;6;1;3384;;16;14;4;3;11;12;4;18;2;16;13;10;
a18AQ=J4~3~~H1N;p;r;;;;;17.52.02;2;1;6;1;3388;;16;14;4;3;11;12;4;18;2;16;13;10;
*$$&H#;p;;;;;;17.52.02;2;1;6;1;3388;;16;14;4;3;11;12;4;18;2;16;13;10;
*p19:21;;;;;;;17.52.08;2;1;6;1;3393;;16;14;4;3;11;12;4;18;2;16;13;10;
*16SM-~~~11;;;;;;;17.52.22;2;1;6;1;3409;;16;14;4;3;11;12;4;18;2;16;13;10;
a04RM+~~~11~O~~32;;;;;;;17.52.22;2;1;6;1;3409;;16;14;4;3;11;12;4;18;2;16;13;10;
a10ET+K1B;;;;;;;17.52.22;2;1;6;1;3409;;16;14;4;3;11;12;4;18;2;16;13;10;
a02AT#W2~25~H1X;s;r;;;;;17.52.25;2;1;6;1;3414;;16;14;4;3;11;12;4;18;2;16;13;10;
*08DT=~~~25~S;s;;;;;;17.52.25;2;1;6;1;3414;;16;14;4;3;11;12;4;18;2;16;13;10;
ap19:22;;;;;;;17.52.31;2;1;6;1;3419;;16;14;4;3;11;12;4;18;2;16;13;10;
az5;;;;;;;17.52.31;2;1;5;1;3417;;16;14;4;3;11;12;18;2;16;13;10;4;
a18SM-~~~51;;;;;;;17.52.50;2;1;5;1;3437;;16;14;4;3;11;12;18;2;16;13;10;4;
*14RM+~~~51~~~~21;;;;;;;17.52.50;2;1;5;1;3437;;16;14;4;3;11;12;18;2;16;13;10;4;
*16ET+K1P;;;;;;;17.52.50;2;1;5;1;3437;;16;14;4;3;11;12;18;2;16;13;10;4;
*11AT=Y8~8~~H1N;p;r;;;;;17.52.55;2;1;5;1;3441;;16;14;4;3;11;12;18;2;16;13;10;4;
a$$&H#;p;;;;;;17.52.55;2;1;5;1;3441;;16;14;4;3;11;12;18;2;16;13;10;4;
ap19:23;;;;;;;17.52.58;2;1;5;1;3446;;16;14;4;3;11;12;18;2;16;13;10;4;
a18SM!~~~51;;;;;;;17.53.16;2;1;5;1;3463;;16;14;4;3;11;12;18;2;16;13;10;4;
*14RM!~~~51~O~~32;;;;;;;17.53.16;2;1;5;1;3463;;16;14;4;3;11;12;18;2;16;13;10;4;
*16ET+K8F;;;;;;;17.53.16;2;1;5;1;3463;;16;14;4;3;11;12;18;2;16;13;10;4;
*03AT-W4~46~H2C;;r;;;;;17.53.20;2;1;5;1;3468;;16;14;4;3;11;12;18;2;16;13;10;4;
a04DT+~~~46~B;;;;;;;17.53.20;2;1;5;1;3468;;16;14;4;3;11;12;18;2;16;13;10;4;
a02AT#W2~29~H2X;p;p;;;;;17.53.23;2;1;5;1;3471;;16;14;4;3;11;12;18;2;16;13;10;4;
*16DT=~~~29~S;p;;;;;;17.53.23;2;1;5;1;3471;;16;14;4;3;11;12;18;2;16;13;10;4;
ap19:24;;;;;;;17.53.30;2;1;5;1;3476;;16;14;4;3;11;12;18;2;16;13;10;4;
a18SM-~~~51;;;;;;;17.53.50;2;1;5;1;3497;;16;14;4;3;11;12;18;2;16;13;10;4;
*14RM+~~~51~~~~21;;;;;;;17.53.50;2;1;5;1;3497;;16;14;4;3;11;12;18;2;16;13;10;4;
*16EQ+K1C;;;;;;;17.53.50;2;1;5;1;3497;;16;14;4;3;11;12;18;2;16;13;10;4;
*04AQ-J4~38~T4;;r;;;;;17.53.55;2;1;5;1;3502;;16;14;4;3;11;12;18;2;16;13;10;4;
a10DQ+~~~38~E;;;;;;;17.53.55;2;1;5;1;3502;;16;14;4;3;11;12;18;2;16;13;10;4;
a11EH+~~F~4;;;;;;;17.53.58;2;1;5;1;3502;;16;14;4;3;11;12;18;2;16;13;10;4;
a16AH-G4~46~H3C;;p;;;;;17.53.58;2;1;5;1;3506;;16;14;4;3;11;12;18;2;16;13;10;4;
*08DH+~~~46~B;;;;;;;17.53.58;2;1;5;1;3506;;16;14;4;3;11;12;18;2;16;13;10;4;
*03AH=G4~46~H2O3;p;s;;;;;17.54.02;2;1;5;1;3509;;16;14;4;3;11;12;18;2;16;13;10;4;
a$$&H#;p;;;;;;17.54.02;2;1;5;1;3509;;16;14;4;3;11;12;18;2;16;13;10;4;
ap19:25;;;;;;;17.54.09;2;1;5;1;3514;;16;14;4;3;11;12;18;2;16;13;10;4;
**2set;;;;;;;17.54.09;3;1;5;1;3515;;;;;;;;;;;;;;
*P16>LUp;;;;;;;17.54.09;3;1;5;1;3515;;22;4;6;11;12;16;9;18;2;16;13;10;
*z6>LUp;;;;;;;17.54.09;3;6;5;1;3515;;22;4;6;11;12;16;9;18;2;16;13;10;
aP10>LUp;;;;;;;17.54.09;3;6;5;1;3515;;22;4;6;11;12;16;9;18;2;16;13;10;
az6>LUp;;;;;;;17.54.09;3;6;6;1;3515;;22;4;6;11;12;16;9;18;2;16;13;10;
a09SQ=~~~1~~~~N;s;;;;;;17.58.10;3;6;6;1;3757;;22;4;6;11;12;16;9;18;2;16;13;10;
*$$&H#;s;;;;;;17.58.10;3;6;6;1;3757;;22;4;6;11;12;16;9;18;2;16;13;10;
*p01:00;;;;;;;17.58.14;3;6;6;1;3761;;22;4;6;11;12;16;9;18;2;16;13;10;
*z5;;;;;;;17.58.14;3;5;6;1;3760;;4;6;11;12;16;22;9;18;2;16;13;10;
*04SM-~~~56;;;;;;;17.58.28;3;5;6;1;3775;;4;6;11;12;16;22;9;18;2;16;13;10;
a11RM+~~~56~~~~22;;;;;;;17.58.28;3;5;6;1;3775;;4;6;11;12;16;22;9;18;2;16;13;10;
a10EQ+K2C;;;;;;;17.58.28;3;5;6;1;3775;;4;6;11;12;16;22;9;18;2;16;13;10;
a18AQ/J2~33~H1T;p;r;;;;;17.58.33;3;5;6;1;3780;;4;6;11;12;16;22;9;18;2;16;13;10;
*12BQ#~~~~3~T1T;p;;;;;;17.58.33;3;5;6;1;3780;;4;6;11;12;16;22;9;18;2;16;13;10;
*p02:00;;;;;;;17.58.37;3;5;6;1;3785;;4;6;11;12;16;22;9;18;2;16;13;10;
*04SM+~~~58;;;;;;;17.58.52;3;5;6;1;3800;;4;6;11;12;16;22;9;18;2;16;13;10;
a16RM-~~~58;;;;;;;17.58.52;3;5;6;1;3800;;4;6;11;12;16;22;9;18;2;16;13;10;
a10ET+K8B;;;;;;;17.58.52;3;5;6;1;3800;;4;6;11;12;16;22;9;18;2;16;13;10;
a02AT#W2~29~H2X;s;r;;;;;17.58.56;3;5;6;1;3805;;4;6;11;12;16;22;9;18;2;16;13;10;
*16DT=~~~29~S;s;;;;;;17.58.56;3;5;6;1;3805;;4;6;11;12;16;22;9;18;2;16;13;10;
ap02:01;;;;;;;17.59.04;3;5;6;1;3810;;4;6;11;12;16;22;9;18;2;16;13;10;
az5;;;;;;;17.59.04;3;5;5;1;3810;;4;6;11;12;16;22;18;2;16;13;10;9;
a18SM-~~~56C;;;;;;;17.59.18;3;5;5;1;3825;;4;6;11;12;16;22;18;2;16;13;10;9;
*22RM+~~~56C~~~41;;;;;;;17.59.18;3;5;5;1;3825;;4;6;11;12;16;22;18;2;16;13;10;9;
*16ET+K1F;;;;;;;17.59.18;3;5;5;1;3825;;4;6;11;12;16;22;18;2;16;13;10;9;
*11AT#W4~45~H1X;s;r;;;;;17.59.22;3;5;5;1;3830;;4;6;11;12;16;22;18;2;16;13;10;9;
a18DT=~~~45~S;s;;;;;;17.59.22;3;5;5;1;3830;;4;6;11;12;16;22;18;2;16;13;10;9;
*p03:01;;;;;;;17.59.27;3;5;5;1;3835;;4;6;11;12;16;22;18;2;16;13;10;9;
*z4;;;;;;;17.59.27;3;4;5;1;3833;;6;11;12;16;22;4;18;2;16;13;10;9;
*06SQ-~~~16;;;;;;;17.59.41;3;4;5;1;3848;;6;11;12;16;22;4;18;2;16;13;10;9;
a09RQ+~~~16~~~~32;;;;;;;17.59.41;3;4;5;1;3848;;6;11;12;16;22;4;18;2;16;13;10;9;
a10EQ+K8C;;;;;;;17.59.41;3;4;5;1;3848;;6;11;12;16;22;4;18;2;16;13;10;9;
a13AQ+J4~32~H2C;;r;;;;;17.59.46;3;4;5;1;3853;;6;11;12;16;22;4;18;2;16;13;10;9;
*12BQ-~~~~3~A2;;;;;;;17.59.46;3;4;5;1;3853;;6;11;12;16;22;4;18;2;16;13;10;9;
a02AT#W2~24~H2S;s;s;;;;;17.59.48;3;4;5;1;3856;;6;11;12;16;22;4;18;2;16;13;10;9;
*11BT=~~~~4~A2S;s;;;;;;17.59.48;3;4;5;1;3856;;6;11;12;16;22;4;18;2;16;13;10;9;
ap03:02;;;;;;;17.59.53;3;4;5;1;3861;;6;11;12;16;22;4;18;2;16;13;10;9;
az4;;;;;;;17.59.53;3;4;4;1;3859;;6;11;12;16;22;4;2;16;13;10;9;18;
a02SQ!~~~66A;;;;;;;18.00.12;3;4;4;1;3879;;6;11;12;16;22;4;2;16;13;10;9;18;
*08RQ!~~~66A~~~22;;;;;;;18.00.12;3;4;4;1;3879;;6;11;12;16;22;4;2;16;13;10;9;18;
*16ET+K9F;;;;;;;18.00.12;3;4;4;1;3879;;6;11;12;16;22;4;2;16;13;10;9;18;
*11AT#W4~42~H2S;s;r;;;;;18.00.18;3;4;4;1;3885;;6;11;12;16;22;4;2;16;13;10;9;18;
a10BT=~~~~2~A2S;s;;;;;;18.00.18;3;4;4;1;3885;;6;11;12;16;22;4;2;16;13;10;9;18;
*p04:02;;;;;;;18.00.29;3;4;4;1;3890;;6;11;12;16;22;4;2;16;13;10;9;18;
*z3;;;;;;;18.00.29;3;3;4;1;3895;;11;12;16;22;4;6;2;16;13;10;9;18;
*11SQ+~~~51;;;;;;;18.00.47;3;3;4;1;3913;;11;12;16;22;4;6;2;16;13;10;9;18;
a11RQ-~~~51;;;;;;;18.00.47;3;3;4;1;3913;;11;12;16;22;4;6;2;16;13;10;9;18;
a10AO+JJ~33~T1C;;r;;;;;18.00.51;3;3;4;1;3918;;11;12;16;22;4;6;2;16;13;10;9;18;
*22BO-~~~~3~A1;;;;;;;18.00.51;3;3;4;1;3918;;11;12;16;22;4;6;2;16;13;10;9;18;
a11EH+~~F~4;;;;;;;18.00.53;3;3;4;1;3918;;11;12;16;22;4;6;2;16;13;10;9;18;
a16AH+G4~43~T3;;s;;;;;18.00.55;3;3;4;1;3923;;11;12;16;22;4;6;2;16;13;10;9;18;
*08DH/~~~43~E;;;;;;;18.00.55;3;3;4;1;3923;;11;12;16;22;4;6;2;16;13;10;9;18;
a16AT#W4~49~P2X;s;s;;;;;18.00.59;3;3;4;1;3927;;11;12;16;22;4;6;2;16;13;10;9;18;
*06DT=~~~49~E~E;s;;;;;;18.00.59;3;3;4;1;3927;;11;12;16;22;4;6;2;16;13;10;9;18;
ap04:03;;;;;;;18.01.07;3;3;4;1;3932;;11;12;16;22;4;6;2;16;13;10;9;18;
az3;;;;;;;18.01.07;3;3;3;1;3933;;11;12;16;22;4;6;16;13;10;9;18;2;
a16SQ-~~~66;;;;;;;18.01.38;3;3;3;1;3965;;11;12;16;22;4;6;16;13;10;9;18;2;
*08RQ#~~~66;;;;;;;18.01.38;3;3;3;1;3965;;11;12;16;22;4;6;16;13;10;9;18;2;
*16ET+K3B;;;;;;;18.01.38;3;3;3;1;3965;;11;12;16;22;4;6;16;13;10;9;18;2;
*06AT+Y9~95BH0;;r;;;;;18.01.44;3;3;3;1;3971;;11;12;16;22;4;6;16;13;10;9;18;2;
a11DT/~~~95BS;;;;;;;18.01.44;3;3;3;1;3971;;11;12;16;22;4;6;16;13;10;9;18;2;
a16AH-G8~88~P2;;p;;;;;18.01.49;3;3;3;1;3975;;11;12;16;22;4;6;16;13;10;9;18;2;
*08DH+~~~88;;;;;;;18.01.49;3;3;3;1;3975;;11;12;16;22;4;6;16;13;10;9;18;2;
*06AT#Y9~94~H2X1;s;s;;;;;18.01.53;3;3;3;1;3978;;11;12;16;22;4;6;16;13;10;9;18;2;
a11DT=~~~94~S;s;;;;;;18.01.53;3;3;3;1;3978;;11;12;16;22;4;6;16;13;10;9;18;2;
*p05:03;;;;;;;18.01.59;3;3;3;1;3983;;11;12;16;22;4;6;16;13;10;9;18;2;
*z2;;;;;;;18.01.59;3;2;3;1;3985;;12;16;22;4;6;11;16;13;10;9;18;2;
*12SM+~~~16;;;;;;;18.02.10;3;2;3;1;3997;;12;16;22;4;6;11;16;13;10;9;18;2;
a16RM-~~~16;;;;;;;18.02.10;3;2;3;1;3997;;12;16;22;4;6;11;16;13;10;9;18;2;
a09AH#G4~42~H3S;s;r;;;;;18.02.14;3;2;3;1;4001;;12;16;22;4;6;11;16;13;10;9;18;2;
*22BH=~~~~2~A3S;s;;;;;;18.02.14;3;2;3;1;4001;;12;16;22;4;6;11;16;13;10;9;18;2;
ap05:04;;;;;;;18.02.17;3;2;3;1;4006;;12;16;22;4;6;11;16;13;10;9;18;2;
az2;;;;;;;18.02.17;3;2;2;1;4003;;12;16;22;4;6;11;13;10;9;18;2;16;
a13SM+~~~57;;;;;;;18.02.33;3;2;2;1;4020;;12;16;22;4;6;11;13;10;9;18;2;16;
*22RM-~~~57~O;;;;;;;18.02.33;3;2;2;1;4020;;12;16;22;4;6;11;13;10;9;18;2;16;
*22AH=G4~4~~H2O;p;r;;;;;18.02.39;3;2;2;1;4025;;12;16;22;4;6;11;13;10;9;18;2;16;
a$$&H#;p;;;;;;18.02.39;3;2;2;1;4025;;12;16;22;4;6;11;13;10;9;18;2;16;
ap05:05;;;;;;;18.02.42;3;2;2;1;4030;;12;16;22;4;6;11;13;10;9;18;2;16;
a13SM-~~~57;;;;;;;18.02.57;3;2;2;1;4045;;12;16;22;4;6;11;13;10;9;18;2;16;
*22RM+~~~57~~~~32;;;;;;;18.02.57;3;2;2;1;4045;;12;16;22;4;6;11;13;10;9;18;2;16;
*16ET+K1F;;;;;;;18.02.57;3;2;2;1;4045;;12;16;22;4;6;11;13;10;9;18;2;16;
*22AT#W4~42~H2F;s;r;;;;;18.03.02;3;2;2;1;4050;;12;16;22;4;6;11;13;10;9;18;2;16;
a18BT=~~~~2~A2F;s;;;;;;18.03.02;3;2;2;1;4050;;12;16;22;4;6;11;13;10;9;18;2;16;
a16DT=~~~46;;;;;;;18.03.02;3;2;2;1;4050;;12;16;22;4;6;11;13;10;9;18;2;16;
*p06:05;;;;;;;18.03.07;3;2;2;1;4055;;12;16;22;4;6;11;13;10;9;18;2;16;
*z1;;;;;;;18.03.07;3;1;2;1;4053;;16;22;4;6;11;12;13;10;9;18;2;16;
*16SQ=~~~16~~~O;s;;;;;;18.03.20;3;1;2;1;4067;;16;22;4;6;11;12;13;10;9;18;2;16;
a$$&H#;s;;;;;;18.03.20;3;1;2;1;4067;;16;22;4;6;11;12;13;10;9;18;2;16;
ap06:06;;;;;;;18.03.25;3;1;2;1;4073;;16;22;4;6;11;12;13;10;9;18;2;16;
az1;;;;;;;18.03.25;3;1;1;1;4071;;16;22;4;6;11;12;10;9;18;2;16;13;
a10SM!~~~57;;;;;;;18.03.35;3;1;1;1;4083;;16;22;4;6;11;12;10;9;18;2;16;13;
*11RM!~~~57~~~~31;;;;;;;18.03.35;3;1;1;1;4083;;16;22;4;6;11;12;10;9;18;2;16;13;
*16EQ+KCC~~~2;;;;;;;18.03.35;3;1;1;1;4083;;16;22;4;6;11;12;10;9;18;2;16;13;
*04AQ#J1~3~~T1X;s;r;;;;;18.03.39;3;1;1;1;4087;;16;22;4;6;11;12;10;9;18;2;16;13;
a$$&H=;s;;;;;;18.03.39;3;1;1;1;4087;;16;22;4;6;11;12;10;9;18;2;16;13;
*p07:06;;;;;;;18.03.44;3;1;1;1;4092;;16;22;4;6;11;12;10;9;18;2;16;13;
*z6;;;;;;;18.03.44;3;6;1;1;4090;;22;4;6;11;12;16;10;9;18;2;16;13;
*22SQ!~~~11;;;;;;;18.03.59;3;6;1;1;4106;;22;4;6;11;12;16;10;9;18;2;16;13;
a11RQ!~~~11~~~~32;;;;;;;18.03.59;3;6;1;1;4106;;22;4;6;11;12;16;10;9;18;2;16;13;
a10EQ+K8C;;;;;;;18.03.59;3;6;1;1;4106;;22;4;6;11;12;16;10;9;18;2;16;13;
a18AQ-J2~31~H1;;r;;;;;18.04.04;3;6;1;1;4110;;22;4;6;11;12;16;10;9;18;2;16;13;
*16DQ+~~~31~S;;;;;;;18.04.04;3;6;1;1;4110;;22;4;6;11;12;16;10;9;18;2;16;13;
*22EH/~~~~4;;;;;;;18.04.08;3;6;1;1;4110;;22;4;6;11;12;16;10;9;18;2;16;13;
a09AO/V2~24~H2A;p;s;;;;;18.04.13;3;6;1;1;4113;;22;4;6;11;12;16;10;9;18;2;16;13;
*11BO#~~~~4~A2A;p;;;;;;18.04.13;3;6;1;1;4113;;22;4;6;11;12;16;10;9;18;2;16;13;
*p08:06;;;;;;;18.04.17;3;6;1;1;4118;;22;4;6;11;12;16;10;9;18;2;16;13;
*22SQ-~~~11~~~N;;;;;;;18.04.54;3;6;1;1;4160;;22;4;6;11;12;16;10;9;18;2;16;13;
a11RQ+~~~11~W~~22;;;;;;;18.04.54;3;6;1;1;4160;;22;4;6;11;12;16;10;9;18;2;16;13;
a10EQ+K1C;;;;;;;18.04.54;3;6;1;1;4160;;22;4;6;11;12;16;10;9;18;2;16;13;
a18AQ=J4~31~H1O;p;r;;;;;18.05.01;3;6;1;1;4166;;22;4;6;11;12;16;10;9;18;2;16;13;
*$$&H#;p;;;;;;18.05.01;3;6;1;1;4166;;22;4;6;11;12;16;10;9;18;2;16;13;
*p09:06;;;;;;;18.05.05;3;6;1;1;4171;;22;4;6;11;12;16;10;9;18;2;16;13;
*22SQ=~~~11~~~O;s;;;;;;18.06.14;3;6;1;1;4241;;22;4;6;11;12;16;10;9;18;2;16;13;
a$$&H#;s;;;;;;18.06.14;3;6;1;1;4241;;22;4;6;11;12;16;10;9;18;2;16;13;
ap09:07;;;;;;;18.06.17;3;6;1;1;4246;;22;4;6;11;12;16;10;9;18;2;16;13;
az6;;;;;;;18.06.17;3;6;6;1;4243;;22;4;6;11;12;16;9;18;2;16;13;10;
a09SQ=~~~16~~~O;s;;;;;;18.06.37;3;6;6;1;4263;;22;4;6;11;12;16;9;18;2;16;13;10;
*$$&H#;s;;;;;;18.06.37;3;6;6;1;4263;;22;4;6;11;12;16;9;18;2;16;13;10;
*p10:07;;;;;;;18.06.44;3;6;6;1;4270;;22;4;6;11;12;16;9;18;2;16;13;10;
*z5;;;;;;;18.06.44;3;5;6;1;4270;;4;6;11;12;16;22;9;18;2;16;13;10;
*04SM#~~~57;p;;;;;;18.06.55;3;5;6;1;4283;;4;6;11;12;16;22;9;18;2;16;13;10;
a16RM=~~~57~O;p;;;;;;18.06.55;3;5;6;1;4283;;4;6;11;12;16;22;9;18;2;16;13;10;
*p11:07;;;;;;;18.07.02;3;5;6;1;4289;;4;6;11;12;16;22;9;18;2;16;13;10;
ac09:04;;;;;;;18.07.02;3;5;6;1;4288;;4;6;11;12;16;22;4;18;2;16;13;10;
*04SM-~~~56;;;;;;;18.07.21;3;5;6;1;4309;;4;6;11;12;16;22;4;18;2;16;13;10;
a11RM#~~~56;;;;;;;18.07.21;3;5;6;1;4309;;4;6;11;12;16;22;4;18;2;16;13;10;
a10EQ+K1C;;;;;;;18.07.21;3;5;6;1;4309;;4;6;11;12;16;22;4;18;2;16;13;10;
a18AQ#J4~33~H1S;s;r;;;;;18.07.27;3;5;6;1;4313;;4;6;11;12;16;22;4;18;2;16;13;10;
*12BQ=~~~~3~T1S;s;;;;;;18.07.27;3;5;6;1;4313;;4;6;11;12;16;22;4;18;2;16;13;10;
ap11:08;;;;;;;18.07.30;3;5;6;1;4318;;4;6;11;12;16;22;4;18;2;16;13;10;
az5;;;;;;;18.07.30;3;5;5;1;4316;;4;6;11;12;16;22;18;2;16;13;10;4;
a18SM-~~~57;;;;;;;18.07.50;3;5;5;1;4338;;4;6;11;12;16;22;18;2;16;13;10;4;
*11RM#~~~57;;;;;;;18.07.50;3;5;5;1;4338;;4;6;11;12;16;22;18;2;16;13;10;4;
*16ET+K2F;;;;;;;18.07.50;3;5;5;1;4338;;4;6;11;12;16;22;18;2;16;13;10;4;
*11AT#W4~42~P2X;s;r;;;;;18.07.55;3;5;5;1;4343;;4;6;11;12;16;22;18;2;16;13;10;4;
a10DT=~~~42~E~E;s;;;;;;18.07.55;3;5;5;1;4343;;4;6;11;12;16;22;18;2;16;13;10;4;
*p12:08;;;;;;;18.07.59;3;5;5;1;4348;;4;6;11;12;16;22;18;2;16;13;10;4;
*z4;;;;;;;18.07.59;3;4;5;1;4345;;6;11;12;16;22;4;18;2;16;13;10;4;
*06SQ!~~~11;;;;;;;18.08.13;3;4;5;1;4361;;6;11;12;16;22;4;18;2;16;13;10;4;
a11RQ!~~~11;;;;;;;18.08.13;3;4;5;1;4361;;6;11;12;16;22;4;18;2;16;13;10;4;
a02AH-G2~24~H2C;;r;;;;;18.08.18;3;4;5;1;4366;;6;11;12;16;22;4;18;2;16;13;10;4;
*11BH+~~~~4~A2;;;;;;;18.08.18;3;4;5;1;4366;;6;11;12;16;22;4;18;2;16;13;10;4;
*16DH+~~~22~B;;;;;;;18.08.20;3;4;5;1;4366;;6;11;12;16;22;4;18;2;16;13;10;4;
*22EH+~~F~4;;;;;;;18.08.22;3;4;5;1;4366;;6;11;12;16;22;4;18;2;16;13;10;4;
*11AH-G4~42~H2~4;;p;;;;;18.08.23;3;4;5;1;4369;;6;11;12;16;22;4;18;2;16;13;10;4;
a13BH+~~~~2~A2;;;;;;;18.08.23;3;4;5;1;4369;;6;11;12;16;22;4;18;2;16;13;10;4;
*06DH+~~~4~~C;;;;;;;18.08.25;3;4;5;1;4369;;6;11;12;16;22;4;18;2;16;13;10;4;
*08EH+~~F~4;;;;;;;18.08.27;3;4;5;1;4369;;6;11;12;16;22;4;18;2;16;13;10;4;
*11AH#G4~45~H3X4;p;p;;;;;18.08.30;3;4;5;1;4372;;6;11;12;16;22;4;18;2;16;13;10;4;
a04DH=~~~45~S;p;;;;;;18.08.30;3;4;5;1;4372;;6;11;12;16;22;4;18;2;16;13;10;4;
*p13:08;;;;;;;18.08.33;3;4;5;1;4377;;6;11;12;16;22;4;18;2;16;13;10;4;
aT;;;;;;;18.08.33;3;4;5;1;4379;;6;11;12;16;22;4;18;2;16;13;10;4;
*06SQ-~~~16;;;;;;;18.09.57;3;4;5;1;4463;;6;11;12;16;22;4;18;2;16;13;10;4;
a04RQ+~~~16~~~~31;;;;;;;18.09.57;3;4;5;1;4463;;6;11;12;16;22;4;18;2;16;13;10;4;
a10EQ+K1C;;;;;;;18.09.57;3;4;5;1;4463;;6;11;12;16;22;4;18;2;16;13;10;4;
a13AQ-J4~33~H2C;;r;;;;;18.10.02;3;4;5;1;4468;;6;11;12;16;22;4;18;2;16;13;10;4;
*12BQ+~~~~3~T2;;;;;;;18.10.02;3;4;5;1;4468;;6;11;12;16;22;4;18;2;16;13;10;4;
*11AT#W4~41~H2X2;p;p;;;;;18.10.04;3;4;5;1;4471;;6;11;12;16;22;4;18;2;16;13;10;4;
a10DT=~~~41~S;p;;;;;;18.10.04;3;4;5;1;4471;;6;11;12;16;22;4;18;2;16;13;10;4;
*p14:08;;;;;;;18.10.08;3;4;5;1;4476;;6;11;12;16;22;4;18;2;16;13;10;4;
*06SQ-~~~15;;;;;;;18.10.25;3;4;5;1;4492;;6;11;12;16;22;4;18;2;16;13;10;4;
a16RQ+~~~15~~~~32;;;;;;;18.10.25;3;4;5;1;4492;;6;11;12;16;22;4;18;2;16;13;10;4;
a10ET+K1B;;;;;;;18.10.25;3;4;5;1;4492;;6;11;12;16;22;4;18;2;16;13;10;4;
a02AT-W2~24~H2C;;r;;;;;18.10.29;3;4;5;1;4495;;6;11;12;16;22;4;18;2;16;13;10;4;
*12BT+~~~~4~A2;;;;;;;18.10.29;3;4;5;1;4495;;6;11;12;16;22;4;18;2;16;13;10;4;
*11EH+~~~~4;;;;;;;18.10.32;3;4;5;1;4495;;6;11;12;16;22;4;18;2;16;13;10;4;
a16AH-G4~42~H3C;;s;;;;;18.10.34;3;4;5;1;4501;;6;11;12;16;22;4;18;2;16;13;10;4;
*12BH+~~~~2~A3;;;;;;;18.10.34;3;4;5;1;4501;;6;11;12;16;22;4;18;2;16;13;10;4;
*22DH+~~~46~B;;;;;;;18.10.36;3;4;5;1;4501;;6;11;12;16;22;4;18;2;16;13;10;4;
*11AT-W4~42~H2C2;;p;;;;;18.10.38;3;4;5;1;4504;;6;11;12;16;22;4;18;2;16;13;10;4;
a13BT+~~~~2~A2;;;;;;;18.10.38;3;4;5;1;4504;;6;11;12;16;22;4;18;2;16;13;10;4;
*12AH-G3~33~H1C;;p;;;;;18.10.40;3;4;5;1;4507;;6;11;12;16;22;4;18;2;16;13;10;4;
a13BH+~~~~3~A1;;;;;;;18.10.40;3;4;5;1;4507;;6;11;12;16;22;4;18;2;16;13;10;4;
a04FH#;;;;;;;18.10.50;3;4;5;1;4510;;6;11;12;16;22;4;18;2;16;13;10;4;
a13AQ-J4~33~H1C;;s;;;;;18.10.51;3;4;5;1;4514;;6;11;12;16;22;4;18;2;16;13;10;4;
*16BQ+~~~~3~T1;;;;;;;18.10.51;3;4;5;1;4514;;6;11;12;16;22;4;18;2;16;13;10;4;
*11AT#W4~41DH2X2;p;p;;;;;18.10.54;3;4;5;1;4517;;6;11;12;16;22;4;18;2;16;13;10;4;
a10DT=~~~41DS;p;;;;;;18.10.54;3;4;5;1;4517;;6;11;12;16;22;4;18;2;16;13;10;4;
*p15:08;;;;;;;18.11.02;3;4;5;1;4522;;6;11;12;16;22;4;18;2;16;13;10;4;
*06SQ-~~~16;;;;;;;18.11.55;3;4;5;1;4582;;6;11;12;16;22;4;18;2;16;13;10;4;
a04RQ+~~~16~~~~32;;;;;;;18.11.55;3;4;5;1;4582;;6;11;12;16;22;4;18;2;16;13;10;4;
a10ET+K1B;;;;;;;18.11.55;3;4;5;1;4582;;6;11;12;16;22;4;18;2;16;13;10;4;
a02AT-W2~24~H2C;;r;;;;;18.11.59;3;4;5;1;4588;;6;11;12;16;22;4;18;2;16;13;10;4;
*11BT+~~~~4~A2;;;;;;;18.11.59;3;4;5;1;4588;;6;11;12;16;22;4;18;2;16;13;10;4;
*08DH+~~~25~B;;;;;;;18.12.01;3;4;5;1;4588;;6;11;12;16;22;4;18;2;16;13;10;4;
*11AT#W4~46~H2X2;p;p;;;;;18.12.04;3;4;5;1;4591;;6;11;12;16;22;4;18;2;16;13;10;4;
a11DT=~~~46~S;p;;;;;;18.12.04;3;4;5;1;4591;;6;11;12;16;22;4;18;2;16;13;10;4;
*p16:08;;;;;;;18.12.09;3;4;5;1;4596;;6;11;12;16;22;4;18;2;16;13;10;4;
*06SQ-~~~15;;;;;;;18.12.27;3;4;5;1;4614;;6;11;12;16;22;4;18;2;16;13;10;4;
a16RQ+~~~15~~~~32;;;;;;;18.12.27;3;4;5;1;4614;;6;11;12;16;22;4;18;2;16;13;10;4;
a10ET+K1B;;;;;;;18.12.27;3;4;5;1;4614;;6;11;12;16;22;4;18;2;16;13;10;4;
a02AT=W2~22~H2S;p;r;;;;;18.12.31;3;4;5;1;4620;;6;11;12;16;22;4;18;2;16;13;10;4;
*$$&H#;p;;;;;;18.12.31;3;4;5;1;4620;;6;11;12;16;22;4;18;2;16;13;10;4;
*p17:08;;;;;;;18.12.39;3;4;5;1;4625;;6;11;12;16;22;4;18;2;16;13;10;4;
*06SQ-~~~15;;;;;;;18.14.31;3;4;5;1;4738;;6;11;12;16;22;4;18;2;16;13;10;4;
a16RQ#~~~15;;;;;;;18.14.31;3;4;5;1;4738;;6;11;12;16;22;4;18;2;16;13;10;4;
a10EQ+K1C;;;;;;;18.14.31;3;4;5;1;4738;;6;11;12;16;22;4;18;2;16;13;10;4;
a13AQ#J4~38~T1X;s;r;;;;;18.14.35;3;4;5;1;4742;;6;11;12;16;22;4;18;2;16;13;10;4;
*08DQ=~~~38~E~E;s;;;;;;18.14.35;3;4;5;1;4742;;6;11;12;16;22;4;18;2;16;13;10;4;
ap17:09;;;;;;;18.14.39;3;4;5;1;4747;;6;11;12;16;22;4;18;2;16;13;10;4;
az4;;;;;;;18.14.39;3;4;4;1;4745;;6;11;12;16;22;4;2;16;13;10;4;18;
a02SQ+~~~65;;;;;;;18.14.56;3;4;4;1;4763;;6;11;12;16;22;4;2;16;13;10;4;18;
*11RQ-~~~65;;;;;;;18.14.56;3;4;4;1;4763;;6;11;12;16;22;4;2;16;13;10;4;18;
*22EH+~~F~4;;;;;;;18.15.00;3;4;4;1;4763;;6;11;12;16;22;4;2;16;13;10;4;18;
*11AH-G4~45~H3;;r;;;;;18.15.01;3;4;4;1;4769;;6;11;12;16;22;4;2;16;13;10;4;18;
a11DH+~~~45~S;;;;;;;18.15.01;3;4;4;1;4769;;6;11;12;16;22;4;2;16;13;10;4;18;
a02AH-G9~91~H2;;p;;;;;18.15.06;3;4;4;1;4774;;6;11;12;16;22;4;2;16;13;10;4;18;
*06DH+~~~91~S;;;;;;;18.15.06;3;4;4;1;4774;;6;11;12;16;22;4;2;16;13;10;4;18;
*11AH#G4~45~H2X3;s;s;;;;;18.15.10;3;4;4;1;4777;;6;11;12;16;22;4;2;16;13;10;4;18;
a11DH=~~~45~S;s;;;;;;18.15.10;3;4;4;1;4777;;6;11;12;16;22;4;2;16;13;10;4;18;
*p18:09;;;;;;;18.15.15;3;4;4;1;4782;;6;11;12;16;22;4;2;16;13;10;4;18;
*z3;;;;;;;18.15.15;3;3;4;1;4781;;11;12;16;22;4;6;2;16;13;10;4;18;
*11SQ=~~~56~~~O;s;;;;;;18.15.44;3;3;4;1;4812;;11;12;16;22;4;6;2;16;13;10;4;18;
a$$&H#;s;;;;;;18.15.44;3;3;4;1;4812;;11;12;16;22;4;6;2;16;13;10;4;18;
ap18:10;;;;;;;18.15.48;3;3;4;1;4816;;11;12;16;22;4;6;2;16;13;10;4;18;
az3;;;;;;;18.15.48;3;3;3;1;4814;;11;12;16;22;4;6;16;13;10;4;18;2;
ac10:06;;;;;;;18.15.48;3;3;3;1;4814;;11;12;16;22;4;6;16;13;6;4;18;2;
ac02:05;;;;;;;18.15.48;3;3;3;1;4814;;11;12;16;22;4;6;16;13;6;4;18;5;
aP5;;;;;;;18.15.48;3;3;3;1;4814;;11;12;16;22;4;6;16;13;6;4;18;5;
az6;;;;;;;18.15.48;3;3;6;1;4814;;11;12;16;22;4;6;16;13;6;4;18;5;
ac04:09;;;;;;;18.15.48;3;3;6;1;4814;;11;12;16;22;4;6;16;13;6;9;18;5;
a16SQ-~~~66;;;;;;;18.16.28;3;3;6;1;4855;;11;12;16;22;4;6;16;13;6;9;18;5;
*08RQ+~~~66~~~~32;;;;;;;18.16.28;3;3;6;1;4855;;11;12;16;22;4;6;16;13;6;9;18;5;
*16ET+K8B;;;;;;;18.16.28;3;3;6;1;4855;;11;12;16;22;4;6;16;13;6;9;18;5;
*06AT#Y9~95~H1X;s;r;;;;;18.16.34;3;3;6;1;4861;;11;12;16;22;4;6;16;13;6;9;18;5;
a11DT=~~~95~S;s;;;;;;18.16.34;3;3;6;1;4861;;11;12;16;22;4;6;16;13;6;9;18;5;
*p19:10;;;;;;;18.16.40;3;3;6;1;4866;;11;12;16;22;4;6;16;13;6;9;18;5;
*z2;;;;;;;18.16.40;3;2;6;1;4866;;12;16;22;4;6;11;16;13;6;9;18;5;
*c12:09;;;;;;;18.16.40;3;2;6;1;4866;;9;16;22;4;6;11;16;13;6;9;18;5;
*09SQ-~~~66;;;;;;;18.17.06;3;2;6;1;4893;;9;16;22;4;6;11;16;13;6;9;18;5;
a11RQ#~~~66;;;;;;;18.17.06;3;2;6;1;4893;;9;16;22;4;6;11;16;13;6;9;18;5;
a05ET+K1F;;;;;;;18.17.06;3;2;6;1;4893;;9;16;22;4;6;11;16;13;6;9;18;5;
a09AT-W4~42~H2C;;r;;;;;18.17.12;3;2;6;1;4899;;9;16;22;4;6;11;16;13;6;9;18;5;
*04BT+~~~~2~A2;;;;;;;18.17.12;3;2;6;1;4899;;9;16;22;4;6;11;16;13;6;9;18;5;
*09DH+~~~45;;;;;;;18.17.13;3;2;6;1;4899;;9;16;22;4;6;11;16;13;6;9;18;5;
*06AT-Y9~91~H1~1;;p;;;;;18.17.16;3;2;6;1;4902;;9;16;22;4;6;11;16;13;6;9;18;5;
a06DT+~~~91;;;;;;;18.17.16;3;2;6;1;4902;;9;16;22;4;6;11;16;13;6;9;18;5;
a11EH+~~~~2;;;;;;;18.17.18;3;2;6;1;4902;;9;16;22;4;6;11;16;13;6;9;18;5;
a06AH#G2~24~H2S;s;s;;;;;18.17.21;3;2;6;1;4905;;9;16;22;4;6;11;16;13;6;9;18;5;
*22BH=~~~~4~A2S;s;;;;;;18.17.21;3;2;6;1;4905;;9;16;22;4;6;11;16;13;6;9;18;5;
ap19:11;;;;;;;18.17.27;3;2;6;1;4910;;9;16;22;4;6;11;16;13;6;9;18;5;
az5;;;;;;;18.17.27;3;2;5;1;4913;;9;16;22;4;6;11;13;6;9;18;5;16;
*c09:12;;;;;;;18.17.27;3;2;5;1;4913;;12;16;22;4;6;11;13;6;9;18;5;16;
a13SM!~~~55;;;;;;;18.17.43;3;2;5;1;4930;;12;16;22;4;6;11;13;6;9;18;5;16;
*22RM!~~~55~~~~32;;;;;;;18.17.43;3;2;5;1;4930;;12;16;22;4;6;11;13;6;9;18;5;16;
*16ET+K8B;;;;;;;18.17.43;3;2;5;1;4930;;12;16;22;4;6;11;13;6;9;18;5;16;
*06AT#Y9~96CH2X;s;r;;;;;18.17.48;3;2;5;1;4935;;12;16;22;4;6;11;13;6;9;18;5;16;
a16DT=~~~96CS;s;;;;;;18.17.48;3;2;5;1;4935;;12;16;22;4;6;11;13;6;9;18;5;16;
*p20:11;;;;;;;18.17.54;3;2;5;1;4940;;12;16;22;4;6;11;13;6;9;18;5;16;
*z1;;;;;;;18.17.54;3;1;5;1;4940;;16;22;4;6;11;12;13;6;9;18;5;16;
*16SM-~~~15;;;;;;;18.18.06;3;1;5;1;4953;;16;22;4;6;11;12;13;6;9;18;5;16;
a09RM+~~~15~O~~21;;;;;;;18.18.06;3;1;5;1;4953;;16;22;4;6;11;12;13;6;9;18;5;16;
a05ET+KBF;;;;;;;18.18.06;3;1;5;1;4953;;16;22;4;6;11;12;13;6;9;18;5;16;
a09AT=W4~45~H2O;p;r;;;;;18.18.10;3;1;5;1;4957;;16;22;4;6;11;12;13;6;9;18;5;16;
*$$&H#;p;;;;;;18.18.10;3;1;5;1;4957;;16;22;4;6;11;12;13;6;9;18;5;16;
*p21:11;;;;;;;18.18.18;3;1;5;1;4962;;16;22;4;6;11;12;13;6;9;18;5;16;
*16SM!~~~15;;;;;;;18.18.30;3;1;5;1;4977;;16;22;4;6;11;12;13;6;9;18;5;16;
a09RM!~~~15~~~~32;;;;;;;18.18.30;3;1;5;1;4977;;16;22;4;6;11;12;13;6;9;18;5;16;
a05ET+K8B;;;;;;;18.18.30;3;1;5;1;4977;;16;22;4;6;11;12;13;6;9;18;5;16;
a06AT#W2~24~H2O;s;r;;;;;18.18.34;3;1;5;1;4981;;16;22;4;6;11;12;13;6;9;18;5;16;
*22BT=~~~~4~A2O;s;;;;;;18.18.34;3;1;5;1;4981;;16;22;4;6;11;12;13;6;9;18;5;16;
ap21:12;;;;;;;18.18.38;3;1;5;1;4986;;16;22;4;6;11;12;13;6;9;18;5;16;
az4;;;;;;;18.18.38;3;1;4;1;4984;;16;22;4;6;11;12;6;9;18;5;16;13;
ac06:10;;;;;;;18.18.38;3;1;4;1;4984;;16;22;4;6;11;12;10;9;18;5;16;13;
ac05:02;;;;;;;18.18.38;3;1;4;1;4984;;16;22;4;6;11;12;10;9;18;2;16;13;
aP10;;;;;;;18.18.38;3;1;4;1;4984;;16;22;4;6;11;12;10;9;18;2;16;13;
az1;;;;;;;18.18.38;3;1;1;1;4984;;16;22;4;6;11;12;10;9;18;2;16;13;
a10SM!~~~15;;;;;;;18.19.06;3;1;1;1;5013;;16;22;4;6;11;12;10;9;18;2;16;13;
*11RM!~~~15~O~~32;;;;;;;18.19.06;3;1;1;1;5013;;16;22;4;6;11;12;10;9;18;2;16;13;
*16ET+K7F;;;;;;;18.19.06;3;1;1;1;5013;;16;22;4;6;11;12;10;9;18;2;16;13;
*06AT-W4~47~H2;;r;;;;;18.19.11;3;1;1;1;5018;;16;22;4;6;11;12;10;9;18;2;16;13;
a09DT+~~~47~S;;;;;;;18.19.11;3;1;1;1;5018;;16;22;4;6;11;12;10;9;18;2;16;13;
a02AT-W2~29~H2C;;p;;;;;18.19.14;3;1;1;1;5022;;16;22;4;6;11;12;10;9;18;2;16;13;
*16DT+~~~29~B;;;;;;;18.19.14;3;1;1;1;5022;;16;22;4;6;11;12;10;9;18;2;16;13;
*08EH+~~B~2;;;;;;;18.19.17;3;1;1;1;5022;;16;22;4;6;11;12;10;9;18;2;16;13;
*22AH#G2~26~H2O4;s;s;;;;;18.19.20;3;1;1;1;5025;;16;22;4;6;11;12;10;9;18;2;16;13;
a18BH=~~~~4~~2O;s;;;;;;18.19.20;3;1;1;1;5025;;16;22;4;6;11;12;10;9;18;2;16;13;
*p22:12;;;;;;;18.19.31;3;1;1;1;5030;;16;22;4;6;11;12;10;9;18;2;16;13;
*z6;;;;;;;18.19.31;3;6;1;1;5037;;22;4;6;11;12;16;10;9;18;2;16;13;
*22SQ!~~~16;;;;;;;18.20.04;3;6;1;1;5071;;22;4;6;11;12;16;10;9;18;2;16;13;
a11RQ!~~~16~~~~21;;;;;;;18.20.04;3;6;1;1;5071;;22;4;6;11;12;16;10;9;18;2;16;13;
a10ET+KBF;;;;;;;18.20.04;3;6;1;1;5071;;22;4;6;11;12;16;10;9;18;2;16;13;
a02AT#W4~42~H2O;s;r;;;;;18.20.08;3;6;1;1;5076;;22;4;6;11;12;16;10;9;18;2;16;13;
*06BT=~~~~2~A2O;s;;;;;;18.20.08;3;6;1;1;5076;;22;4;6;11;12;16;10;9;18;2;16;13;
ap22:13;;;;;;;18.20.15;3;6;1;1;5081;;22;4;6;11;12;16;10;9;18;2;16;13;
az6;;;;;;;18.20.15;3;6;6;1;5081;;22;4;6;11;12;16;9;18;2;16;13;10;
a09SQ!~~~17~~~N;;;;;;;18.20.29;3;6;6;1;5096;;22;4;6;11;12;16;9;18;2;16;13;10;
*11RQ!~~~17~W~~32;;;;;;;18.20.29;3;6;6;1;5096;;22;4;6;11;12;16;9;18;2;16;13;10;
*16ET+K8F;;;;;;;18.20.29;3;6;6;1;5096;;22;4;6;11;12;16;9;18;2;16;13;10;
*11AT#W4~42~H2S;s;r;;;;;18.20.34;3;6;6;1;5102;;22;4;6;11;12;16;9;18;2;16;13;10;
a18BT=~~~~2~A2S;s;;;;;;18.20.34;3;6;6;1;5102;;22;4;6;11;12;16;9;18;2;16;13;10;
*p23:13;;;;;;;18.20.38;3;6;6;1;5107;;22;4;6;11;12;16;9;18;2;16;13;10;
*z5;;;;;;;18.20.39;3;5;6;1;5105;;4;6;11;12;16;22;9;18;2;16;13;10;
*c04:14;;;;;;;18.20.39;3;5;6;1;5105;;14;6;11;12;16;22;9;18;2;16;13;10;
*14SQ!~~~61;;;;;;;18.21.06;3;5;6;1;5134;;14;6;11;12;16;22;9;18;2;16;13;10;
a09RQ!~~~61~~~~42;;;;;;;18.21.06;3;5;6;1;5134;;14;6;11;12;16;22;9;18;2;16;13;10;
a10EH+K7B;;;;;;;18.21.06;3;5;6;1;5134;;14;6;11;12;16;22;9;18;2;16;13;10;
a02AH#G2~25~H2X;s;r;;;;;18.21.12;3;5;6;1;5139;;14;6;11;12;16;22;9;18;2;16;13;10;
*14DH=~~~25~S;s;;;;;;18.21.12;3;5;6;1;5139;;14;6;11;12;16;22;9;18;2;16;13;10;
ap23:14;;;;;;;18.21.18;3;5;6;1;5144;;14;6;11;12;16;22;9;18;2;16;13;10;
az5;;;;;;;18.21.18;3;5;5;1;5144;;14;6;11;12;16;22;18;2;16;13;10;9;
*c14:04;;;;;;;18.21.18;3;5;5;1;5144;;4;6;11;12;16;22;18;2;16;13;10;9;
a18SM+~~~56C;;;;;;;18.21.41;3;5;5;1;5168;;4;6;11;12;16;22;18;2;16;13;10;9;
*22RM-~~~56C;;;;;;;18.21.41;3;5;5;1;5168;;4;6;11;12;16;22;18;2;16;13;10;9;
*06AH-G2~24~H2C;;r;;;;;18.21.45;3;5;5;1;5173;;4;6;11;12;16;22;18;2;16;13;10;9;
a13BH+~~~~4~A2;;;;;;;18.21.45;3;5;5;1;5173;;4;6;11;12;16;22;18;2;16;13;10;9;
a10DH+~~~21~B;;;;;;;18.21.45;3;5;5;1;5173;;4;6;11;12;16;22;18;2;16;13;10;9;
a13EH+~~B;;;;;;;18.21.52;3;5;5;1;5173;;4;6;11;12;16;22;18;2;16;13;10;9;
a02AH#G2~24~H3O4;p;p;;;;;18.21.53;3;5;5;1;5177;;4;6;11;12;16;22;18;2;16;13;10;9;
*06BH=~~~~4~A3O;p;;;;;;18.21.53;3;5;5;1;5177;;4;6;11;12;16;22;18;2;16;13;10;9;
ap23:15;;;;;;;18.22.01;3;5;5;1;5182;;4;6;11;12;16;22;18;2;16;13;10;9;
a18SM!~~~56;;;;;;;18.22.31;3;5;5;1;5219;;4;6;11;12;16;22;18;2;16;13;10;9;
*22RM!~~~56~~~~22;;;;;;;18.22.31;3;5;5;1;5219;;4;6;11;12;16;22;18;2;16;13;10;9;
*16ET+K9F;;;;;;;18.22.31;3;5;5;1;5219;;4;6;11;12;16;22;18;2;16;13;10;9;
*11AT-W4~46~H2;;r;;;;;18.22.36;3;5;5;1;5224;;4;6;11;12;16;22;18;2;16;13;10;9;
a09DT+~~~46~S;;;;;;;18.22.36;3;5;5;1;5224;;4;6;11;12;16;22;18;2;16;13;10;9;
a02AT/W2~24~H2A;s;p;;;;;18.22.40;3;5;5;1;5228;;4;6;11;12;16;22;18;2;16;13;10;9;
*12BT#~~~~4~A2A;s;;;;;;18.22.40;3;5;5;1;5228;;4;6;11;12;16;22;18;2;16;13;10;9;
*p24:15;;;;;;;18.22.46;3;5;5;1;5233;;4;6;11;12;16;22;18;2;16;13;10;9;
*z4;;;;;;;18.22.46;3;4;5;1;5232;;6;11;12;16;22;4;18;2;16;13;10;9;
*06SQ-~~~17A~~N;;;;;;;18.23.03;3;4;5;1;5250;;6;11;12;16;22;4;18;2;16;13;10;9;
a16RQ#~~~17AW;;;;;;;18.23.03;3;4;5;1;5250;;6;11;12;16;22;4;18;2;16;13;10;9;
a10ET+K2F;;;;;;;18.23.03;3;4;5;1;5250;;6;11;12;16;22;4;18;2;16;13;10;9;
a16AT#W4~45~H2;s;r;;;;;18.23.08;3;4;5;1;5255;;6;11;12;16;22;4;18;2;16;13;10;9;
*12BT=~~~~2~A2F;s;;;;;;18.23.08;3;4;5;1;5255;;6;11;12;16;22;4;18;2;16;13;10;9;
*11DT=~~~45~B;;;;;;;18.23.08;3;4;5;1;5255;;6;11;12;16;22;4;18;2;16;13;10;9;
ap24:16;;;;;;;18.23.16;3;4;5;1;5260;;6;11;12;16;22;4;18;2;16;13;10;9;
az4;;;;;;;18.23.16;3;4;4;1;5262;;6;11;12;16;22;4;2;16;13;10;9;18;
a02SQ-~~~66B;;;;;;;18.23.34;3;4;4;1;5281;;6;11;12;16;22;4;2;16;13;10;9;18;
*08RQ+~~~66BL~~32;;;;;;;18.23.34;3;4;4;1;5281;;6;11;12;16;22;4;2;16;13;10;9;18;
*16ET+K2B;;;;;;;18.23.34;3;4;4;1;5281;;6;11;12;16;22;4;2;16;13;10;9;18;
*06AT#Y9~95~H1X;s;r;;;;;18.23.40;3;4;4;1;5287;;6;11;12;16;22;4;2;16;13;10;9;18;
a11DT=~~~95~S;s;;;;;;18.23.40;3;4;4;1;5287;;6;11;12;16;22;4;2;16;13;10;9;18;
*p25:16;;;;;;;18.23.44;3;4;4;1;5292;;6;11;12;16;22;4;2;16;13;10;9;18;
**3set;;;;;;;18.23.44;4;4;4;1;5290;;;;;;;;;;;;;;
*P16>LUp;;;;;;;18.23.44;4;4;4;1;5290;;16;22;4;6;11;12;9;18;2;16;13;10;
*z1>LUp;;;;;;;18.23.44;4;1;4;1;5290;;16;22;4;6;11;12;9;18;2;16;13;10;
aP10>LUp;;;;;;;18.23.44;4;1;4;1;5290;;16;22;4;6;11;12;9;18;2;16;13;10;
az6>LUp;;;;;;;18.23.44;4;1;6;1;5290;;16;22;4;6;11;12;9;18;2;16;13;10;
*16SM!~~~17;;;;;;;18.28.04;4;1;6;1;5551;;16;22;4;6;11;12;9;18;2;16;13;10;
a16RM!~~~17~O~~41;;;;;;;18.28.04;4;1;6;1;5551;;16;22;4;6;11;12;9;18;2;16;13;10;
a10ET+KFB;;;;;;;18.28.04;4;1;6;1;5551;;16;22;4;6;11;12;9;18;2;16;13;10;
a02AT/W2~24~H2A;p;r;;;;;18.28.08;4;1;6;1;5555;;16;22;4;6;11;12;9;18;2;16;13;10;
*22BT#~~~~4~A2A;p;;;;;;18.28.08;4;1;6;1;5555;;16;22;4;6;11;12;9;18;2;16;13;10;
*p01:00;;;;;;;18.28.13;4;1;6;1;5560;;16;22;4;6;11;12;9;18;2;16;13;10;
*16SM-~~~17;;;;;;;18.28.26;4;1;6;1;5573;;16;22;4;6;11;12;9;18;2;16;13;10;
a11RM+~~~17~~~~32;;;;;;;18.28.26;4;1;6;1;5573;;16;22;4;6;11;12;9;18;2;16;13;10;
a10ET+K3F;;;;;;;18.28.26;4;1;6;1;5573;;16;22;4;6;11;12;9;18;2;16;13;10;
a16AT#W4~42~H2S;s;r;;;;;18.28.31;4;1;6;1;5578;;16;22;4;6;11;12;9;18;2;16;13;10;
*06BT=~~~~2~A2S;s;;;;;;18.28.31;4;1;6;1;5578;;16;22;4;6;11;12;9;18;2;16;13;10;
ap01:01;;;;;;;18.28.37;4;1;6;1;5583;;16;22;4;6;11;12;9;18;2;16;13;10;
az5;;;;;;;18.28.37;4;1;5;1;5583;;16;22;4;6;11;12;18;2;16;13;10;9;
a18SM-~~~56;;;;;;;18.28.52;4;1;5;1;5601;;16;22;4;6;11;12;18;2;16;13;10;9;
*08RM#~~~56;;;;;;;18.28.52;4;1;5;1;5601;;16;22;4;6;11;12;18;2;16;13;10;9;
*16ET+K1P;;;;;;;18.28.52;4;1;5;1;5601;;16;22;4;6;11;12;18;2;16;13;10;9;
*11AT-Y8~86~H2;;r;;;;;18.28.57;4;1;5;1;5605;;16;22;4;6;11;12;18;2;16;13;10;9;
a09DT+~~~86~S;;;;;;;18.28.57;4;1;5;1;5605;;16;22;4;6;11;12;18;2;16;13;10;9;
a02AT/W2~24~H2A;s;p;;;;;18.29.00;4;1;5;1;5608;;16;22;4;6;11;12;18;2;16;13;10;9;
*04BT#~~~~4~A2A;s;;;;;;18.29.00;4;1;5;1;5608;;16;22;4;6;11;12;18;2;16;13;10;9;
*p02:01;;;;;;;18.29.05;4;1;5;1;5613;;16;22;4;6;11;12;18;2;16;13;10;9;
*z6;;;;;;;18.29.05;4;6;5;1;5611;;22;4;6;11;12;16;18;2;16;13;10;9;
*22SQ!~~~11;;;;;;;18.29.22;4;6;5;1;5628;;22;4;6;11;12;16;18;2;16;13;10;9;
a11RQ!~~~11~~~~32;;;;;;;18.29.22;4;6;5;1;5628;;22;4;6;11;12;16;18;2;16;13;10;9;
a10ET+K8F;;;;;;;18.29.22;4;6;5;1;5628;;22;4;6;11;12;16;18;2;16;13;10;9;
a16AT#W4~42~T2X;s;r;;;;;18.29.26;4;6;5;1;5635;;22;4;6;11;12;16;18;2;16;13;10;9;
*16DT=~~~42~E~E;s;;;;;;18.29.26;4;6;5;1;5635;;22;4;6;11;12;16;18;2;16;13;10;9;
ap02:02;;;;;;;18.29.32;4;6;5;1;5640;;22;4;6;11;12;16;18;2;16;13;10;9;
az4;;;;;;;18.29.33;4;6;4;1;5639;;22;4;6;11;12;16;2;16;13;10;9;18;
a02SQ-~~~65;;;;;;;18.29.50;4;6;4;1;5656;;22;4;6;11;12;16;2;16;13;10;9;18;
*11RQ+~~~65~~~~41;;;;;;;18.29.50;4;6;4;1;5656;;22;4;6;11;12;16;2;16;13;10;9;18;
*16ET+KFB;;;;;;;18.29.50;4;6;4;1;5656;;22;4;6;11;12;16;2;16;13;10;9;18;
*06AT#W2~2~~H2A;s;r;;;;;18.29.54;4;6;4;1;5663;;22;4;6;11;12;16;2;16;13;10;9;18;
a16BT=~~~~4~A2A;s;;;;;;18.29.54;4;6;4;1;5663;;22;4;6;11;12;16;2;16;13;10;9;18;
*p03:02;;;;;;;18.30.05;4;6;4;1;5668;;22;4;6;11;12;16;2;16;13;10;9;18;
*z5;;;;;;;18.30.05;4;5;4;1;5671;;4;6;11;12;16;22;2;16;13;10;9;18;
*04SM=~~~5~~~~N;s;;;;;;18.30.17;4;5;4;1;5684;;4;6;11;12;16;22;2;16;13;10;9;18;
a$$&H#;s;;;;;;18.30.17;4;5;4;1;5684;;4;6;11;12;16;22;2;16;13;10;9;18;
ap03:03;;;;;;;18.30.20;4;5;4;1;5687;;4;6;11;12;16;22;2;16;13;10;9;18;
az3;;;;;;;18.30.20;4;5;3;1;5686;;4;6;11;12;16;22;16;13;10;9;18;2;
a16SQ-~~~66A;;;;;;;18.30.42;4;5;3;1;5709;;4;6;11;12;16;22;16;13;10;9;18;2;
*08RQ+~~~66A~~~31;;;;;;;18.30.42;4;5;3;1;5709;;4;6;11;12;16;22;16;13;10;9;18;2;
*16ET+K1F;;;;;;;18.30.42;4;5;3;1;5709;;4;6;11;12;16;22;16;13;10;9;18;2;
*11AT#W4~46~H4X;s;r;;;;;18.30.46;4;5;3;1;5714;;4;6;11;12;16;22;16;13;10;9;18;2;
a11DT=~~~46~S;s;;;;;;18.30.46;4;5;3;1;5714;;4;6;11;12;16;22;16;13;10;9;18;2;
*p04:03;;;;;;;18.30.52;4;5;3;1;5719;;4;6;11;12;16;22;16;13;10;9;18;2;
*z4;;;;;;;18.30.52;4;4;3;1;5718;;6;11;12;16;22;4;16;13;10;9;18;2;
*06SQ=~~~1~~~~N;s;;;;;;18.31.06;4;4;3;1;5733;;6;11;12;16;22;4;16;13;10;9;18;2;
a$$&H#;s;;;;;;18.31.06;4;4;3;1;5733;;6;11;12;16;22;4;16;13;10;9;18;2;
ap04:04;;;;;;;18.31.09;4;4;3;1;5737;;6;11;12;16;22;4;16;13;10;9;18;2;
az2;;;;;;;18.31.10;4;4;2;1;5736;;6;11;12;16;22;4;13;10;9;18;2;16;
a13SM!~~~57;;;;;;;18.31.25;4;4;2;1;5752;;6;11;12;16;22;4;13;10;9;18;2;16;
*22RM!~~~57~~~~32;;;;;;;18.31.25;4;4;2;1;5752;;6;11;12;16;22;4;13;10;9;18;2;16;
*16ET+K8B;;;;;;;18.31.25;4;4;2;1;5752;;6;11;12;16;22;4;13;10;9;18;2;16;
*06AT+Y9~94~H2C;;r;;;;;18.31.31;4;4;2;1;5758;;6;11;12;16;22;4;13;10;9;18;2;16;
a18BT-~~~~4~A2;;;;;;;18.31.31;4;4;2;1;5758;;6;11;12;16;22;4;13;10;9;18;2;16;
*11AT#W4~46CH2X1;s;s;;;;;18.31.31;4;4;2;1;5761;;6;11;12;16;22;4;13;10;9;18;2;16;
a13DT=~~~46CS;s;;;;;;18.31.31;4;4;2;1;5761;;6;11;12;16;22;4;13;10;9;18;2;16;
*p05:04;;;;;;;18.31.40;4;4;2;1;5766;;6;11;12;16;22;4;13;10;9;18;2;16;
*z3;;;;;;;18.31.40;4;3;2;1;5766;;11;12;16;22;4;6;13;10;9;18;2;16;
*11SQ!~~~56;;;;;;;18.32.06;4;3;2;1;5793;;11;12;16;22;4;6;13;10;9;18;2;16;
a16RQ!~~~56~~~~21;;;;;;;18.32.06;4;3;2;1;5793;;11;12;16;22;4;6;13;10;9;18;2;16;
a10EQ+KBC;;;;;;;18.32.06;4;3;2;1;5793;;11;12;16;22;4;6;13;10;9;18;2;16;
a18AQ+J4~36~H1;;r;;;;;18.32.12;4;3;2;1;5797;;11;12;16;22;4;6;13;10;9;18;2;16;
*11DQ-~~~36~S;;;;;;;18.32.12;4;3;2;1;5797;;11;12;16;22;4;6;13;10;9;18;2;16;
*22AH#G4~41~P2X3;p;p;;;;;18.32.14;4;3;2;1;5800;;11;12;16;22;4;6;13;10;9;18;2;16;
a02DH=~~~41~S;p;;;;;;18.32.14;4;3;2;1;5800;;11;12;16;22;4;6;13;10;9;18;2;16;
*p06:04;;;;;;;18.32.19;4;3;2;1;5805;;11;12;16;22;4;6;13;10;9;18;2;16;
*11SQ#~~~55;p;;;;;;18.32.44;4;3;2;1;5831;;11;12;16;22;4;6;13;10;9;18;2;16;
a09RQ=~~~55~L;p;;;;;;18.32.44;4;3;2;1;5831;;11;12;16;22;4;6;13;10;9;18;2;16;
*p07:04;;;;;;;18.32.51;4;3;2;1;5836;;11;12;16;22;4;6;13;10;9;18;2;16;
*11SQ-~~~51;;;;;;;18.33.12;4;3;2;1;5859;;11;12;16;22;4;6;13;10;9;18;2;16;
a11RQ+~~~51~~~~32;;;;;;;18.33.12;4;3;2;1;5859;;11;12;16;22;4;6;13;10;9;18;2;16;
a10ET+K1F;;;;;;;18.33.12;4;3;2;1;5859;;11;12;16;22;4;6;13;10;9;18;2;16;
a09AT-W4~48~P2;;r;;;;;18.33.16;4;3;2;1;5864;;11;12;16;22;4;6;13;10;9;18;2;16;
*22DT+~~~48~E;;;;;;;18.33.16;4;3;2;1;5864;;11;12;16;22;4;6;13;10;9;18;2;16;
*06AT#Y9~95~H2X2;p;p;;;;;18.33.21;4;3;2;1;5867;;11;12;16;22;4;6;13;10;9;18;2;16;
a11DT=~~~95~S;p;;;;;;18.33.21;4;3;2;1;5867;;11;12;16;22;4;6;13;10;9;18;2;16;
*p08:04;;;;;;;18.33.26;4;3;2;1;5872;;11;12;16;22;4;6;13;10;9;18;2;16;
aT;;;;;;;18.33.26;4;3;2;1;5872;;11;12;16;22;4;6;13;10;9;18;2;16;
*11SQ-~~~56~~~N;;;;;;;18.34.40;4;3;2;1;5947;;11;12;16;22;4;6;13;10;9;18;2;16;
a11RQ+~~~56~~~~22;;;;;;;18.34.40;4;3;2;1;5947;;11;12;16;22;4;6;13;10;9;18;2;16;
a10ET+K1F;;;;;;;18.34.40;4;3;2;1;5947;;11;12;16;22;4;6;13;10;9;18;2;16;
a09AT#W4~42~H4S;s;r;;;;;18.34.45;4;3;2;1;5952;;11;12;16;22;4;6;13;10;9;18;2;16;
*12BT=~~~~2~A4S;s;;;;;;18.34.45;4;3;2;1;5952;;11;12;16;22;4;6;13;10;9;18;2;16;
ap08:05;;;;;;;18.34.48;4;3;2;1;5957;;11;12;16;22;4;6;13;10;9;18;2;16;
az1;;;;;;;18.34.48;4;3;1;1;5954;;11;12;16;22;4;6;10;9;18;2;16;13;
a10SM+~~~14~~~N;;;;;;;18.35.01;4;3;1;1;5968;;11;12;16;22;4;6;10;9;18;2;16;13;
*12RM-~~~14~W;;;;;;;18.35.01;4;3;1;1;5968;;11;12;16;22;4;6;10;9;18;2;16;13;
*06AH-G9~91~H0;;r;;;;;18.35.05;4;3;1;1;5974;;11;12;16;22;4;6;10;9;18;2;16;13;
a10DH+~~~91~S;;;;;;;18.35.05;4;3;1;1;5974;;11;12;16;22;4;6;10;9;18;2;16;13;
a11EH+~~B~9;;;;;;;18.35.15;4;3;1;1;5974;;11;12;16;22;4;6;10;9;18;2;16;13;
a02AH#G2~24~H3S;p;p;;;;;18.35.17;4;3;1;1;5978;;11;12;16;22;4;6;10;9;18;2;16;13;
*12BH=~~~~4~A3S;p;;;;;;18.35.17;4;3;1;1;5978;;11;12;16;22;4;6;10;9;18;2;16;13;
ap08:06;;;;;;;18.35.21;4;3;1;1;5983;;11;12;16;22;4;6;10;9;18;2;16;13;
a10SM!~~~17;;;;;;;18.35.30;4;3;1;1;5996;;11;12;16;22;4;6;10;9;18;2;16;13;
*22RM!~~~17~~~~21;;;;;;;18.35.30;4;3;1;1;5996;;11;12;16;22;4;6;10;9;18;2;16;13;
*16ET+KBB;;;;;;;18.35.30;4;3;1;1;5996;;11;12;16;22;4;6;10;9;18;2;16;13;
*06AT-Y9~92~T1;;r;;;;;18.35.34;4;3;1;1;6000;;11;12;16;22;4;6;10;9;18;2;16;13;
a10DT+~~~92~E;;;;;;;18.35.34;4;3;1;1;6000;;11;12;16;22;4;6;10;9;18;2;16;13;
a11EH+~~~~2;;;;;;;18.35.37;4;3;1;1;6000;;11;12;16;22;4;6;10;9;18;2;16;13;
a02AH=G2~21~H3O;s;p;;;;;18.35.37;4;3;1;1;6004;;11;12;16;22;4;6;10;9;18;2;16;13;
*$$&H#;s;;;;;;18.35.37;4;3;1;1;6004;;11;12;16;22;4;6;10;9;18;2;16;13;
*p09:06;;;;;;;18.35.43;4;3;1;1;6009;;11;12;16;22;4;6;10;9;18;2;16;13;
*z2;;;;;;;18.35.43;4;2;1;1;6009;;12;16;22;4;6;11;10;9;18;2;16;13;
*12SM#~~~17;p;;;;;;18.36.01;4;2;1;1;6028;;12;16;22;4;6;11;10;9;18;2;16;13;
a16RM=~~~17~O;p;;;;;;18.36.01;4;2;1;1;6028;;12;16;22;4;6;11;10;9;18;2;16;13;
*p10:06;;;;;;;18.36.05;4;2;1;1;6034;;12;16;22;4;6;11;10;9;18;2;16;13;
*12SM-~~~17;;;;;;;18.36.22;4;2;1;1;6049;;12;16;22;4;6;11;10;9;18;2;16;13;
a16RM#~~~17~O;;;;;;;18.36.22;4;2;1;1;6049;;12;16;22;4;6;11;10;9;18;2;16;13;
a10ET+K1F;;;;;;;18.36.22;4;2;1;1;6049;;12;16;22;4;6;11;10;9;18;2;16;13;
a02AT#W4~42~H1S;s;r;;;;;18.36.26;4;2;1;1;6055;;12;16;22;4;6;11;10;9;18;2;16;13;
*16BT=~~~~2~A1S;s;;;;;;18.36.26;4;2;1;1;6055;;12;16;22;4;6;11;10;9;18;2;16;13;
ap10:07;;;;;;;18.36.32;4;2;1;1;6060;;12;16;22;4;6;11;10;9;18;2;16;13;
az6;;;;;;;18.36.32;4;2;6;1;6058;;12;16;22;4;6;11;9;18;2;16;13;10;
a09SQ-~~~15~~~N;;;;;;;18.36.51;4;2;6;1;6078;;12;16;22;4;6;11;9;18;2;16;13;10;
*22RQ+~~~15~~~~41;;;;;;;18.36.51;4;2;6;1;6078;;12;16;22;4;6;11;9;18;2;16;13;10;
*16ET+KFB;;;;;;;18.36.51;4;2;6;1;6078;;12;16;22;4;6;11;9;18;2;16;13;10;
*06AT#Y9~96~H0X;s;r;;;;;18.36.56;4;2;6;1;6083;;12;16;22;4;6;11;9;18;2;16;13;10;
a09DT=~~~96~S;s;;;;;;18.36.56;4;2;6;1;6083;;12;16;22;4;6;11;9;18;2;16;13;10;
*p11:07;;;;;;;18.37.01;4;2;6;1;6088;;12;16;22;4;6;11;9;18;2;16;13;10;
*z1;;;;;;;18.37.01;4;1;6;1;6087;;16;22;4;6;11;12;9;18;2;16;13;10;
ac09:04;;;;;;;18.37.01;4;1;6;1;6087;;16;22;4;6;11;12;4;18;2;16;13;10;
*16SQ/~~~11;;;;;;;18.37.18;4;1;6;1;6105;;16;22;4;6;11;12;4;18;2;16;13;10;
a04RQ/~~~11;;;;;;;18.37.18;4;1;6;1;6105;;16;22;4;6;11;12;4;18;2;16;13;10;
*04AO#V3~36~H0X;p;p;;;;;18.37.22;4;1;6;1;6107;;16;22;4;6;11;12;4;18;2;16;13;10;
a$$&H=;p;;;;;;18.37.22;4;1;6;1;6107;;16;22;4;6;11;12;4;18;2;16;13;10;
*p12:07;;;;;;;18.37.25;4;1;6;1;6112;;16;22;4;6;11;12;4;18;2;16;13;10;
*16SQ!~~~18A;;;;;;;18.37.40;4;1;6;1;6127;;16;22;4;6;11;12;4;18;2;16;13;10;
a04RQ!~~~18A~~~32;;;;;;;18.37.40;4;1;6;1;6127;;16;22;4;6;11;12;4;18;2;16;13;10;
a10ET+K8F;;;;;;;18.37.40;4;1;6;1;6127;;16;22;4;6;11;12;4;18;2;16;13;10;
a16AT/W4~42~H2A;p;r;;;;;18.37.45;4;1;6;1;6132;;16;22;4;6;11;12;4;18;2;16;13;10;
*06BT#~~~~2~A2A;p;;;;;;18.37.45;4;1;6;1;6132;;16;22;4;6;11;12;4;18;2;16;13;10;
*p13:07;;;;;;;18.37.50;4;1;6;1;6137;;16;22;4;6;11;12;4;18;2;16;13;10;
*16SQ!~~~11;;;;;;;18.38.04;4;1;6;1;6151;;16;22;4;6;11;12;4;18;2;16;13;10;
a04RQ!~~~11~~~~32;;;;;;;18.38.04;4;1;6;1;6151;;16;22;4;6;11;12;4;18;2;16;13;10;
a10ET+K9F;;;;;;;18.38.04;4;1;6;1;6151;;16;22;4;6;11;12;4;18;2;16;13;10;
a16AT#W4~42~H1O;s;r;;;;;18.38.09;4;1;6;1;6156;;16;22;4;6;11;12;4;18;2;16;13;10;
*06BT=~~~~2~A1O;s;;;;;;18.38.09;4;1;6;1;6156;;16;22;4;6;11;12;4;18;2;16;13;10;
ap13:08;;;;;;;18.38.17;4;1;6;1;6161;;16;22;4;6;11;12;4;18;2;16;13;10;
az5;;;;;;;18.38.17;4;1;5;1;6163;;16;22;4;6;11;12;18;2;16;13;10;4;
a18SM+~~~56A;;;;;;;18.38.31;4;1;5;1;6178;;16;22;4;6;11;12;18;2;16;13;10;4;
*08RM-~~~56AO;;;;;;;18.38.31;4;1;5;1;6178;;16;22;4;6;11;12;18;2;16;13;10;4;
*22EH+;;;;;;;18.38.37;4;1;5;1;6178;;16;22;4;6;11;12;18;2;16;13;10;4;
*06AH#G4~42~H3S;s;r;;;;;18.38.39;4;1;5;1;6185;;16;22;4;6;11;12;18;2;16;13;10;4;
a16BH=~~~~2~A3S;s;;;;;;18.38.39;4;1;5;1;6185;;16;22;4;6;11;12;18;2;16;13;10;4;
*p14:08;;;;;;;18.38.43;4;1;5;1;6190;;16;22;4;6;11;12;18;2;16;13;10;4;
*z6;;;;;;;18.38.43;4;6;5;1;6189;;22;4;6;11;12;16;18;2;16;13;10;4;
*22SQ!~~~16;;;;;;;18.39.01;4;6;5;1;6208;;22;4;6;11;12;16;18;2;16;13;10;4;
a04RQ!~~~16~~~~32;;;;;;;18.39.01;4;6;5;1;6208;;22;4;6;11;12;16;18;2;16;13;10;4;
a10EQ+K8C;;;;;;;18.39.01;4;6;5;1;6208;;22;4;6;11;12;16;18;2;16;13;10;4;
a13AQ#J4~33~H1S;s;r;;;;;18.39.05;4;6;5;1;6213;;22;4;6;11;12;16;18;2;16;13;10;4;
*04BQ=~~~~3~A1S;s;;;;;;18.39.05;4;6;5;1;6213;;22;4;6;11;12;16;18;2;16;13;10;4;
ap14:09;;;;;;;18.39.16;4;6;5;1;6218;;22;4;6;11;12;16;18;2;16;13;10;4;
az4;;;;;;;18.39.16;4;6;4;1;6222;;22;4;6;11;12;16;2;16;13;10;4;18;
a02SQ+~~~66;;;;;;;18.39.27;4;6;4;1;6234;;22;4;6;11;12;16;2;16;13;10;4;18;
*08RQ-~~~66;;;;;;;18.39.27;4;6;4;1;6234;;22;4;6;11;12;16;2;16;13;10;4;18;
*06AH-G2~21~H2;;r;;;;;18.39.33;4;6;4;1;6240;;22;4;6;11;12;16;2;16;13;10;4;18;
a02DH+~~~21~S;;;;;;;18.39.33;4;6;4;1;6240;;22;4;6;11;12;16;2;16;13;10;4;18;
a02AH-G9~91~H2;;p;;;;;18.39.35;4;6;4;1;6244;;22;4;6;11;12;16;2;16;13;10;4;18;
*16DH+~~~91~S;;;;;;;18.39.35;4;6;4;1;6244;;22;4;6;11;12;16;2;16;13;10;4;18;
a10FH+~~~~4;;;;;;;18.39.40;4;6;4;1;6247;;22;4;6;11;12;16;2;16;13;10;4;18;
a04ET+~~F;;;;;;;18.39.40;4;6;4;1;6247;;22;4;6;11;12;16;2;16;13;10;4;18;
a16AT-W4~42~T2C;;p;;;;;18.39.46;4;6;4;1;6253;;22;4;6;11;12;16;2;16;13;10;4;18;
*04DT+~~~42~E;;;;;;;18.39.46;4;6;4;1;6253;;22;4;6;11;12;16;2;16;13;10;4;18;
*06AH-G2~22~T2~4;;s;;;;;18.39.48;4;6;4;1;6256;;22;4;6;11;12;16;2;16;13;10;4;18;
a04DH+~~~22;;;;;;;18.39.48;4;6;4;1;6256;;22;4;6;11;12;16;2;16;13;10;4;18;
a02AT/Y9~94~H3A;s;p;;;;;18.39.57;4;6;4;1;6259;;22;4;6;11;12;16;2;16;13;10;4;18;
*11BT#~~~~4~A3A;s;;;;;;18.39.57;4;6;4;1;6259;;22;4;6;11;12;16;2;16;13;10;4;18;
*p15:09;;;;;;;18.40.07;4;6;4;1;6264;;22;4;6;11;12;16;2;16;13;10;4;18;
*z5;;;;;;;18.40.07;4;5;4;1;6273;;4;6;11;12;16;22;2;16;13;10;4;18;
*c04:09;;;;;;;18.40.07;4;5;4;1;6273;;9;6;11;12;16;22;2;16;13;10;4;18;
*06SQ+~~~66;;;;;;;18.40.26;4;5;4;1;6293;;9;6;11;12;16;22;2;16;13;10;4;18;
a11RQ-~~~66;;;;;;;18.40.26;4;5;4;1;6293;;9;6;11;12;16;22;2;16;13;10;4;18;
a02AH#G9~9~~H3F;s;r;;;;;18.40.32;4;5;4;1;6299;;9;6;11;12;16;22;2;16;13;10;4;18;
*12BH=~~~~4~A3F;s;;;;;;18.40.32;4;5;4;1;6299;;9;6;11;12;16;22;2;16;13;10;4;18;
ap15:10;;;;;;;18.41.32;4;5;4;1;6304;;9;6;11;12;16;22;2;16;13;10;4;18;
az3;;;;;;;18.41.32;4;5;3;1;6358;;9;6;11;12;16;22;16;13;10;4;18;2;
*c09:04;;;;;;;18.41.32;4;5;3;1;6358;;4;6;11;12;16;22;16;13;10;4;18;2;
ac10:06;;;;;;;18.41.32;4;5;3;1;6358;;4;6;11;12;16;22;16;13;6;4;18;2;
ac02:05;;;;;;;18.41.32;4;5;3;1;6358;;4;6;11;12;16;22;16;13;6;4;18;5;
aP5;;;;;;;18.41.32;4;5;3;1;6358;;4;6;11;12;16;22;16;13;6;4;18;5;
az6;;;;;;;18.41.32;4;5;6;1;6358;;4;6;11;12;16;22;16;13;6;4;18;5;
ac04:09;;;;;;;18.41.32;4;5;6;1;6358;;4;6;11;12;16;22;16;13;6;9;18;5;
a16SQ#~~~65;p;;;;;;18.42.02;4;5;6;1;6389;;4;6;11;12;16;22;16;13;6;9;18;5;
*11RQ=~~~65~L;p;;;;;;18.42.02;4;5;6;1;6389;;4;6;11;12;16;22;16;13;6;9;18;5;
ap15:11;;;;;;;18.42.08;4;5;6;1;6394;;4;6;11;12;16;22;16;13;6;9;18;5;
a16SQ-~~~68;;;;;;;18.42.30;4;5;6;1;6417;;4;6;11;12;16;22;16;13;6;9;18;5;
*22RQ#~~~68~W;;;;;;;18.42.30;4;5;6;1;6417;;4;6;11;12;16;22;16;13;6;9;18;5;
*16EQ+K1C;;;;;;;18.42.30;4;5;6;1;6417;;4;6;11;12;16;22;16;13;6;9;18;5;
*12AQ#J1~37~H1X;s;r;;;;;18.42.34;4;5;6;1;6421;;4;6;11;12;16;22;16;13;6;9;18;5;
a11DQ=~~~37~S;s;;;;;;18.42.34;4;5;6;1;6421;;4;6;11;12;16;22;16;13;6;9;18;5;
*p16:11;;;;;;;18.42.40;4;5;6;1;6426;;4;6;11;12;16;22;16;13;6;9;18;5;
*z4;;;;;;;18.42.40;4;4;6;1;6426;;6;11;12;16;22;4;16;13;6;9;18;5;
ac05:02;;;;;;;18.42.40;4;4;6;1;6426;;6;11;12;16;22;4;16;13;6;9;18;2;
ac06:10;;;;;;;18.42.40;4;4;6;1;6426;;6;11;12;16;22;4;16;13;10;9;18;2;
aP10;;;;;;;18.42.40;4;4;6;1;6426;;6;11;12;16;22;4;16;13;10;9;18;2;
az3;;;;;;;18.42.40;4;4;3;1;6426;;6;11;12;16;22;4;16;13;10;9;18;2;
*06SQ-~~~16;;;;;;;18.43.05;4;4;3;1;6453;;6;11;12;16;22;4;16;13;10;9;18;2;
a11RQ#~~~16;;;;;;;18.43.05;4;4;3;1;6453;;6;11;12;16;22;4;16;13;10;9;18;2;
a10EQ+K3C;;;;;;;18.43.05;4;4;3;1;6453;;6;11;12;16;22;4;16;13;10;9;18;2;
a13AQ/J3~33~H2T;p;r;;;;;18.43.09;4;4;3;1;6457;;6;11;12;16;22;4;16;13;10;9;18;2;
*11BQ#~~~~3~T2T;p;;;;;;18.43.09;4;4;3;1;6457;;6;11;12;16;22;4;16;13;10;9;18;2;
*p17:11;;;;;;;18.43.15;4;4;3;1;6462;;6;11;12;16;22;4;16;13;10;9;18;2;
aT;;;;;;;18.43.15;4;4;3;1;6461;;6;11;12;16;22;4;16;13;10;9;18;2;
*06SQ=~~~1~~~~N;s;;;;;;18.44.50;4;4;3;1;6557;;6;11;12;16;22;4;16;13;10;9;18;2;
a$$&H#;s;;;;;;18.44.50;4;4;3;1;6557;;6;11;12;16;22;4;16;13;10;9;18;2;
ap17:12;;;;;;;18.44.56;4;4;3;1;6563;;6;11;12;16;22;4;16;13;10;9;18;2;
az2;;;;;;;18.44.56;4;4;2;1;6562;;6;11;12;16;22;4;13;10;9;18;2;16;
a13SM=~~~55~~~O;s;;;;;;18.45.08;4;4;2;1;6575;;6;11;12;16;22;4;13;10;9;18;2;16;
*$$&H#;s;;;;;;18.45.08;4;4;2;1;6575;;6;11;12;16;22;4;13;10;9;18;2;16;
*p18:12;;;;;;;18.45.11;4;4;2;1;6578;;6;11;12;16;22;4;13;10;9;18;2;16;
*z3;;;;;;;18.45.11;4;3;2;1;6577;;11;12;16;22;4;6;13;10;9;18;2;16;
*11SQ-~~~56;;;;;;;18.45.38;4;3;2;1;6599;;11;12;16;22;4;6;13;10;9;18;2;16;
a16RQ#~~~56;;;;;;;18.45.38;4;3;2;1;6599;;11;12;16;22;4;6;13;10;9;18;2;16;
a10EQ+K1C;;;;;;;18.45.38;4;3;2;1;6599;;11;12;16;22;4;6;13;10;9;18;2;16;
a18AQ#J4~39~H1X;s;r;;;;;18.45.48;4;3;2;1;6603;;11;12;16;22;4;6;13;10;9;18;2;16;
*06DQ=~~~39;s;;;;;;18.45.48;4;3;2;1;6603;;11;12;16;22;4;6;13;10;9;18;2;16;
ap18:13;;;;;;;18.45.51;4;3;2;1;6608;;11;12;16;22;4;6;13;10;9;18;2;16;
az1;;;;;;;18.45.51;4;3;1;1;6617;;11;12;16;22;4;6;10;9;18;2;16;13;
a10SM-~~~17;;;;;;;18.45.52;4;3;1;1;6619;;11;12;16;22;4;6;10;9;18;2;16;13;
*22RM#~~~17;;;;;;;18.45.52;4;3;1;1;6619;;11;12;16;22;4;6;10;9;18;2;16;13;
*16EQ+K2C;;;;;;;18.45.52;4;3;1;1;6619;;11;12;16;22;4;6;10;9;18;2;16;13;
*12AQ/J2~33~H1T;p;r;;;;;18.45.55;4;3;1;1;6623;;11;12;16;22;4;6;10;9;18;2;16;13;
a18BQ#~~~~3~T1T;p;;;;;;18.45.55;4;3;1;1;6623;;11;12;16;22;4;6;10;9;18;2;16;13;
ap18:14;;;;;;;18.46.01;4;3;1;1;6628;;11;12;16;22;4;6;10;9;18;2;16;13;
a10SM+~~~17;;;;;;;18.46.35;4;3;1;1;6661;;11;12;16;22;4;6;10;9;18;2;16;13;
*22RM-~~~17~O;;;;;;;18.46.35;4;3;1;1;6661;;11;12;16;22;4;6;10;9;18;2;16;13;
*22AH-G4~41~P2;;r;;;;;18.46.39;4;3;1;1;6668;;11;12;16;22;4;6;10;9;18;2;16;13;
a10DH+~~~41~S;;;;;;;18.46.39;4;3;1;1;6668;;11;12;16;22;4;6;10;9;18;2;16;13;
a11EH+~~B~2;;;;;;;18.46.42;4;3;1;1;6668;;11;12;16;22;4;6;10;9;18;2;16;13;
a02AH#G2~24~H3S4;p;p;;;;;18.46.43;4;3;1;1;6671;;11;12;16;22;4;6;10;9;18;2;16;13;
*12BH=~~~~4~A3S;p;;;;;;18.46.43;4;3;1;1;6671;;11;12;16;22;4;6;10;9;18;2;16;13;
ap18:15;;;;;;;18.46.52;4;3;1;1;6676;;11;12;16;22;4;6;10;9;18;2;16;13;
*T;;;;;;;18.46.52;4;3;1;1;6678;;11;12;16;22;4;6;10;9;18;2;16;13;
a10SM-~~~17;;;;;;;18.47.45;4;3;1;1;6731;;11;12;16;22;4;6;10;9;18;2;16;13;
*22RM#~~~17~O;;;;;;;18.47.45;4;3;1;1;6731;;11;12;16;22;4;6;10;9;18;2;16;13;
*16ET+K1P;;;;;;;18.47.45;4;3;1;1;6731;;11;12;16;22;4;6;10;9;18;2;16;13;
*11AT#Y8~83~H1O;s;r;;;;;18.47.50;4;3;1;1;6737;;11;12;16;22;4;6;10;9;18;2;16;13;
a18BT=~~~~3~A1O;s;;;;;;18.47.50;4;3;1;1;6737;;11;12;16;22;4;6;10;9;18;2;16;13;
*p19:15;;;;;;;18.47.56;4;3;1;1;6742;;11;12;16;22;4;6;10;9;18;2;16;13;
*z2;;;;;;;18.47.56;4;2;1;1;6742;;12;16;22;4;6;11;10;9;18;2;16;13;
*12SM!~~~16;;;;;;;18.48.09;4;2;1;1;6756;;12;16;22;4;6;11;10;9;18;2;16;13;
a11RM!~~~16~O~~42;;;;;;;18.48.09;4;2;1;1;6756;;12;16;22;4;6;11;10;9;18;2;16;13;
a10ET+K7F;;;;;;;18.48.09;4;2;1;1;6756;;12;16;22;4;6;11;10;9;18;2;16;13;
a02AT-W4~42~H2C;;r;;;;;18.48.16;4;2;1;1;6762;;12;16;22;4;6;11;10;9;18;2;16;13;
*04BT+~~~~2~A2;;;;;;;18.48.16;4;2;1;1;6762;;12;16;22;4;6;11;10;9;18;2;16;13;
*04FH#;;;;;;;18.48.18;4;2;1;1;6765;;12;16;22;4;6;11;10;9;18;2;16;13;
*06AT#Y9~94~H1S1;p;p;;;;;18.48.22;4;2;1;1;6768;;12;16;22;4;6;11;10;9;18;2;16;13;
a02BT=~~~~4~A1S;p;;;;;;18.48.22;4;2;1;1;6768;;12;16;22;4;6;11;10;9;18;2;16;13;
*p20:15;;;;;;;18.48.27;4;2;1;1;6773;;12;16;22;4;6;11;10;9;18;2;16;13;
*12SM=~~~16~~~O;s;;;;;;18.48.41;4;2;1;1;6788;;12;16;22;4;6;11;10;9;18;2;16;13;
a$$&H#;s;;;;;;18.48.41;4;2;1;1;6788;;12;16;22;4;6;11;10;9;18;2;16;13;
ap20:16;;;;;;;18.48.50;4;2;1;1;6797;;12;16;22;4;6;11;10;9;18;2;16;13;
az6;;;;;;;18.48.50;4;2;6;1;6796;;12;16;22;4;6;11;9;18;2;16;13;10;
a09SQ-~~~16~~~N;;;;;;;18.49.04;4;2;6;1;6811;;12;16;22;4;6;11;9;18;2;16;13;10;
*11RQ+~~~16~~~~41;;;;;;;18.49.04;4;2;6;1;6811;;12;16;22;4;6;11;9;18;2;16;13;10;
*16ET+KFB;;;;;;;18.49.04;4;2;6;1;6811;;12;16;22;4;6;11;9;18;2;16;13;10;
*06AT#Y9~95~H1X;s;r;;;;;18.49.09;4;2;6;1;6816;;12;16;22;4;6;11;9;18;2;16;13;10;
a11DT=~~~95~S;s;;;;;;18.49.09;4;2;6;1;6816;;12;16;22;4;6;11;9;18;2;16;13;10;
*p21:16;;;;;;;18.49.13;4;2;6;1;6821;;12;16;22;4;6;11;9;18;2;16;13;10;
*z1;;;;;;;18.49.13;4;1;6;1;6819;;16;22;4;6;11;12;9;18;2;16;13;10;
*16SQ!~~~11;;;;;;;18.49.28;4;1;6;1;6835;;16;22;4;6;11;12;9;18;2;16;13;10;
a09RQ!~~~11~~~~41;;;;;;;18.49.28;4;1;6;1;6835;;16;22;4;6;11;12;9;18;2;16;13;10;
a10ET+KFB;;;;;;;18.49.28;4;1;6;1;6835;;16;22;4;6;11;12;9;18;2;16;13;10;
a02AT-W2~24~H2C;;r;;;;;18.49.32;4;1;6;1;6840;;16;22;4;6;11;12;9;18;2;16;13;10;
*04BT+~~~~4~A2;;;;;;;18.49.32;4;1;6;1;6840;;16;22;4;6;11;12;9;18;2;16;13;10;
*11DH+~~~21~B;;;;;;;18.49.34;4;1;6;1;6840;;16;22;4;6;11;12;9;18;2;16;13;10;
*22AH#G4~45~H2F2;p;p;;;;;18.49.35;4;1;6;1;6843;;16;22;4;6;11;12;9;18;2;16;13;10;
a09DH=~~~45~S;p;;;;;;18.49.35;4;1;6;1;6843;;16;22;4;6;11;12;9;18;2;16;13;10;
a18BH/;;;;;;;18.49.41;4;1;6;1;6843;;16;22;4;6;11;12;9;18;2;16;13;10;
*p22:16;;;;;;;18.49.43;4;1;6;1;6848;;16;22;4;6;11;12;9;18;2;16;13;10;
*16SQ!~~~11;;;;;;;18.49.54;4;1;6;1;6861;;16;22;4;6;11;12;9;18;2;16;13;10;
a09RQ!~~~11~~~~41;;;;;;;18.49.54;4;1;6;1;6861;;16;22;4;6;11;12;9;18;2;16;13;10;
a10EQ+KFC;;;;;;;18.49.54;4;1;6;1;6861;;16;22;4;6;11;12;9;18;2;16;13;10;
a18AQ-J3~34~T;;r;;;;;18.49.59;4;1;6;1;6865;;16;22;4;6;11;12;9;18;2;16;13;10;
*22DQ+~~~34~E;;;;;;;18.49.59;4;1;6;1;6865;;16;22;4;6;11;12;9;18;2;16;13;10;
a09AT=Y8~85~H4S;p;s;;;;;18.50.06;4;1;6;1;6873;;16;22;4;6;11;12;9;18;2;16;13;10;
*$$&H#;p;;;;;;18.50.06;4;1;6;1;6873;;16;22;4;6;11;12;9;18;2;16;13;10;
*p23:16;;;;;;;18.50.18;4;1;6;1;6878;;16;22;4;6;11;12;9;18;2;16;13;10;
*16SQ/~~~16;;;;;;;18.50.25;4;1;6;1;6892;;16;22;4;6;11;12;9;18;2;16;13;10;
a11RQ/~~~16;;;;;;;18.50.25;4;1;6;1;6892;;16;22;4;6;11;12;9;18;2;16;13;10;
*22AO#V4~46~H;p;p;;;;;18.50.28;4;1;6;1;6894;;16;22;4;6;11;12;9;18;2;16;13;10;
a09DO=~~~46~S;p;;;;;;18.50.28;4;1;6;1;6894;;16;22;4;6;11;12;9;18;2;16;13;10;
*p24:16;;;;;;;18.50.31;4;1;6;1;6899;;16;22;4;6;11;12;9;18;2;16;13;10;
*16SQ-~~~11;;;;;;;18.50.46;4;1;6;1;6913;;16;22;4;6;11;12;9;18;2;16;13;10;
a09RQ+~~~11~~~~41;;;;;;;18.50.46;4;1;6;1;6913;;16;22;4;6;11;12;9;18;2;16;13;10;
a02AT-W2~24~P2C;;r;;;;;18.50.51;4;1;6;1;6919;;16;22;4;6;11;12;9;18;2;16;13;10;
*22BT+~~~~4~~2;;;;;;;18.50.51;4;1;6;1;6919;;16;22;4;6;11;12;9;18;2;16;13;10;
a16AT=W4~42~T2Z;p;s;;;;;18.50.54;4;1;6;1;6922;;16;22;4;6;11;12;9;18;2;16;13;10;
*$$&H#;p;;;;;;18.50.54;4;1;6;1;6922;;16;22;4;6;11;12;9;18;2;16;13;10;
*p25:16;;;;;;;18.51.04;4;1;6;1;6927;;16;22;4;6;11;12;9;18;2;16;13;10;
**4set;;;;;;;18.51.04;5;1;6;1;6930;;;;;;;;;;;;;;
