*P15>LUp;;;;;;;17.20.39;1;0;0;;;;17;1;23;13;15;8;1;16;12;10;6;7;
*z5>LUp;;;;;;;17.20.39;1;5;0;;;;17;1;23;13;15;8;1;16;12;10;6;7;
aP07>LUp;;;;;;;17.20.39;1;5;0;;;;17;1;23;13;15;8;1;16;12;10;6;7;
az6>LUp;;;;;;;17.20.39;1;5;6;;;;17;1;23;13;15;8;1;16;12;10;6;7;
a01SQ-~~~11;;;;;;;17.20.39;1;5;6;1;487;;17;1;23;13;15;8;1;16;12;10;6;7;
*07RQ+~~~11;;;;;;;;1;5;6;1;487;;17;1;23;13;15;8;1;16;12;10;6;7;
*15EU+K3C~3;;;;;;;17.20.39;1;5;6;1;489;;17;1;23;13;15;8;1;16;12;10;6;7;
*13AU#P3~39~H;s;r;;;;;17.20.39;1;5;6;1;490;;17;1;23;13;15;8;1;16;12;10;6;7;
a$$&H=;s;;;;;;17.20.39;1;5;6;1;490;;17;1;23;13;15;8;1;16;12;10;6;7;
*p01:00;;;;;;;17.20.50;1;5;6;1;493;;17;1;23;13;15;8;1;16;12;10;6;7;
*z4;;;;;;;17.20.50;1;4;6;1;498;;1;23;13;15;8;17;1;16;12;10;6;7;
*01SQ+~~~16;;;;;;;17.20.54;1;4;6;1;507;;1;23;13;15;8;17;1;16;12;10;6;7;
a17RQ-~~~16~~~~-;;;;;;;17.20.54;1;4;6;1;507;;1;23;13;15;8;17;1;16;12;10;6;7;
a07EN+KEF~4;;;;;;;17.20.54;1;4;6;1;509;;1;23;13;15;8;17;1;16;12;10;6;7;
a10AT+W4~47~H;;r;;;;;17.21.05;1;4;6;1;510;;1;23;13;15;8;17;1;16;12;10;6;7;
*07DN!~~~47;;;;;;;17.21.05;1;4;6;1;510;;1;23;13;15;8;17;1;16;12;10;6;7;
*15EH+~~F;;;;;;;17.21.05;1;4;6;1;513;;1;23;13;15;8;17;1;16;12;10;6;7;
*23AH#Y4~46~H;p;p;;;;;17.21.12;1;4;6;1;514;;1;23;13;15;8;17;1;16;12;10;6;7;
a$$&H=;p;;;;;;17.21.12;1;4;6;1;514;;1;23;13;15;8;17;1;16;12;10;6;7;
*p02:00;;;;;;;17.21.15;1;4;6;1;517;;1;23;13;15;8;17;1;16;12;10;6;7;
*01SQ-~~~16;;;;;;;17.21.21;1;4;6;1;534;;1;23;13;15;8;17;1;16;12;10;6;7;
a17RQ+~~~16;;;;;;;17.21.21;1;4;6;1;534;;1;23;13;15;8;17;1;16;12;10;6;7;
a07EU+K3C~3;;;;;;;17.21.21;1;4;6;1;536;;1;23;13;15;8;17;1;16;12;10;6;7;
a16AU+P3~37~H;;r;;;;;17.21.26;1;4;6;1;537;;1;23;13;15;8;17;1;16;12;10;6;7;
*07DU-~~~37;;;;;;;17.21.26;1;4;6;1;537;;1;23;13;15;8;17;1;16;12;10;6;7;
*17FH#;;;;;;;17.21.30;1;4;6;1;541;;1;23;13;15;8;17;1;16;12;10;6;7;
a07EU+;;;;;;;17.21.30;1;4;6;1;544;;1;23;13;15;8;17;1;16;12;10;6;7;
a16AU#P3~36~H;s;s;;;;;17.21.33;1;4;6;1;545;;1;23;13;15;8;17;1;16;12;10;6;7;
*$$&H=;s;;;;;;17.21.33;1;4;6;1;545;;1;23;13;15;8;17;1;16;12;10;6;7;
ap02:01;;;;;;;17.21.40;1;4;6;1;548;;1;23;13;15;8;17;1;16;12;10;6;7;
az5;;;;;;;17.21.40;1;4;5;1;553;;1;23;13;15;8;17;16;12;10;6;7;1;
a16SQ!~~~16;;;;;;;17.21.47;1;4;5;1;560;;1;23;13;15;8;17;16;12;10;6;7;1;
a16SQ!~~~16;;;;;;;17.21.47;1;4;5;1;560;;1;23;13;15;8;17;16;12;10;6;7;1;
*08RQ!~~~16;;;;;;;17.21.47;1;4;5;1;560;;1;23;13;15;8;17;16;12;10;6;7;1;
*15EU+K1C~3~1;;;;;;;17.21.47;1;4;5;1;562;;1;23;13;15;8;17;16;12;10;6;7;1;
*13AU=PP~37~H~I;p;r;;;;;17.21.55;1;4;5;1;563;;1;23;13;15;8;17;16;12;10;6;7;1;
a$$&H#;p;;;;;;17.21.55;1;4;5;1;563;;1;23;13;15;8;17;16;12;10;6;7;1;
ap02:02;;;;;;;17.21.57;1;4;5;1;566;;1;23;13;15;8;17;16;12;10;6;7;1;
a16SQ-~~~16;;;;;;;17.22.47;1;4;5;1;620;;1;23;13;15;8;17;16;12;10;6;7;1;
*08RQ+~~~16;;;;;;;17.22.47;1;4;5;1;620;;1;23;13;15;8;17;16;12;10;6;7;1;
*15EN+K3F~3;;;;;;;17.22.47;1;4;5;1;622;;1;23;13;15;8;17;16;12;10;6;7;1;
*23AT/W4~41~H;p;r;;;;;17.22.55;1;4;5;1;623;;1;23;13;15;8;17;16;12;10;6;7;1;
a12BN#~~~~2;p;;;;;;17.22.55;1;4;5;1;623;;1;23;13;15;8;17;16;12;10;6;7;1;
ap02:03;;;;;;;17.23.02;1;4;5;1;626;;1;23;13;15;8;17;16;12;10;6;7;1;
a16SQ+~~~15;;;;;;;17.23.12;1;4;5;1;645;;1;23;13;15;8;17;16;12;10;6;7;1;
*23RQ-~~~15;;;;;;;17.23.12;1;4;5;1;645;;1;23;13;15;8;17;16;12;10;6;7;1;
*15EH+KEF~9~3;;;;;;;17.23.12;1;4;5;1;647;;1;23;13;15;8;17;16;12;10;6;7;1;
*23AH#I4~42~T;s;r;;;;;17.23.18;1;4;5;1;648;;1;23;13;15;8;17;16;12;10;6;7;1;
a$$&H=;s;;;;;;17.23.18;1;4;5;1;648;;1;23;13;15;8;17;16;12;10;6;7;1;
*p03:03;;;;;;;17.23.24;1;4;5;1;651;;1;23;13;15;8;17;16;12;10;6;7;1;
*z3;;;;;;;17.23.24;1;3;5;1;657;;23;13;15;8;17;1;16;12;10;6;7;1;
*23SQ=~~~11B;s;;;;;;17.23.37;1;3;5;1;670;;23;13;15;8;17;1;16;12;10;6;7;1;
a$$&H#;s;;;;;;17.23.37;1;3;5;1;670;;23;13;15;8;17;1;16;12;10;6;7;1;
ap03:04;;;;;;;17.23.41;1;3;5;1;674;;23;13;15;8;17;1;16;12;10;6;7;1;
az4;;;;;;;17.23.41;1;3;4;1;674;;23;13;15;8;17;1;12;10;6;7;1;16;
a12SQ=~~~16;s;;;;;;17.23.53;1;3;4;1;687;;23;13;15;8;17;1;12;10;6;7;1;16;
*$$&H#;s;;;;;;17.23.53;1;3;4;1;687;;23;13;15;8;17;1;12;10;6;7;1;16;
*p04:04;;;;;;;17.23.57;1;3;4;1;691;;23;13;15;8;17;1;12;10;6;7;1;16;
*z2;;;;;;;17.23.57;1;2;4;1;690;;13;15;8;17;1;23;12;10;6;7;1;16;
*13SQ=~~~15B;s;;;;;;17.24.13;1;2;4;1;706;;13;15;8;17;1;23;12;10;6;7;1;16;
a$$&H#;s;;;;;;17.24.13;1;2;4;1;706;;13;15;8;17;1;23;12;10;6;7;1;16;
ap04:05;;;;;;;17.24.17;1;2;4;1;710;;13;15;8;17;1;23;12;10;6;7;1;16;
az3;;;;;;;17.24.17;1;2;3;1;710;;13;15;8;17;1;23;10;6;7;1;16;12;
a10SQ=~~~16B;s;;;;;;17.24.32;1;2;3;1;725;;13;15;8;17;1;23;10;6;7;1;16;12;
*$$&H#;s;;;;;;17.24.32;1;2;3;1;725;;13;15;8;17;1;23;10;6;7;1;16;12;
*p05:05;;;;;;;17.24.39;1;2;3;1;732;;13;15;8;17;1;23;10;6;7;1;16;12;
*z1;;;;;;;17.24.39;1;1;3;1;732;;15;8;17;1;23;13;10;6;7;1;16;12;
*15SQ-~~~66;;;;;;;17.24.54;1;1;3;1;747;;15;8;17;1;23;13;10;6;7;1;16;12;
a01RQ#~~~66;;;;;;;17.24.54;1;1;3;1;747;;15;8;17;1;23;13;10;6;7;1;16;12;
a07EU+K3C~3;;;;;;;17.24.54;1;1;3;1;749;;15;8;17;1;23;13;10;6;7;1;16;12;
a06AU#P3~37~H;s;r;;;;;17.25.00;1;1;3;1;750;;15;8;17;1;23;13;10;6;7;1;16;12;
*17BU/~~~~3;s;;;;;;17.25.00;1;1;3;1;750;;15;8;17;1;23;13;10;6;7;1;16;12;
ap05:06;;;;;;;17.25.08;1;1;3;1;753;;15;8;17;1;23;13;10;6;7;1;16;12;
az2;;;;;;;17.25.08;1;1;2;1;761;;15;8;17;1;23;13;6;7;1;16;12;10;
a06SQ=~~~65D;s;;;;;;17.25.14;1;1;2;1;767;;15;8;17;1;23;13;6;7;1;16;12;10;
*$$&H#;s;;;;;;17.25.14;1;1;2;1;767;;15;8;17;1;23;13;6;7;1;16;12;10;
*p06:06;;;;;;;17.25.20;1;1;2;1;773;;15;8;17;1;23;13;6;7;1;16;12;10;
*z6;;;;;;;17.25.20;1;6;2;1;773;;8;17;1;23;13;15;6;7;1;16;12;10;
*08SQ!~~~15;;;;;;;17.25.33;1;6;2;1;786;;8;17;1;23;13;15;6;7;1;16;12;10;
a01RQ!~~~15;;;;;;;17.25.33;1;6;2;1;786;;8;17;1;23;13;15;6;7;1;16;12;10;
a07EN+K7B~4;;;;;;;17.25.33;1;6;2;1;786;;8;17;1;23;13;15;6;7;1;16;12;10;
a12AN+W9~91~H;;r;;;;;17.25.40;1;6;2;1;789;;8;17;1;23;13;15;6;7;1;16;12;10;
*15DN-~~~91;;;;;;;17.25.40;1;6;2;1;789;;8;17;1;23;13;15;6;7;1;16;12;10;
a01FH#;;;;;;;17.25.43;1;6;2;1;793;;8;17;1;23;13;15;6;7;1;16;12;10;
a07EN+;;;;;;;17.25.43;1;6;2;1;796;;8;17;1;23;13;15;6;7;1;16;12;10;
a12AT+W2~25DH;;s;;;;;17.25.44;1;6;2;1;797;;8;17;1;23;13;15;6;7;1;16;12;10;
*07DN-~~~25D;;;;;;;17.25.44;1;6;2;1;797;;8;17;1;23;13;15;6;7;1;16;12;10;
*15EH+;;;;;;;17.25.44;1;6;2;1;800;;8;17;1;23;13;15;6;7;1;16;12;10;
*01AH-I2~26~H;;p;;;;;17.25.49;1;6;2;1;801;;8;17;1;23;13;15;6;7;1;16;12;10;
*15EN+;;;;;;;17.25.49;1;6;2;1;804;;8;17;1;23;13;15;6;7;1;16;12;10;
*23AT#W4~48~H;p;p;;;;;17.25.51;1;6;2;1;805;;8;17;1;23;13;15;6;7;1;16;12;10;
a$$&H=;p;;;;;;17.25.51;1;6;2;1;805;;8;17;1;23;13;15;6;7;1;16;12;10;
*p07:06;;;;;;;17.26.09;1;6;2;1;808;;8;17;1;23;13;15;6;7;1;16;12;10;
*08SQ-~~~15;;;;;;;17.26.14;1;6;2;1;828;;8;17;1;23;13;15;6;7;1;16;12;10;
a01RQ#~~~15;;;;;;;17.26.14;1;6;2;1;828;;8;17;1;23;13;15;6;7;1;16;12;10;
*15EU+K3B~3;;;;;;;17.26.14;1;6;2;1;830;;8;17;1;23;13;15;6;7;1;16;12;10;
a16AU#PP~39~H;s;r;;;;;17.26.22;1;6;2;1;831;;8;17;1;23;13;15;6;7;1;16;12;10;
*15DU/~~~39;;;;;;;17.26.22;1;6;2;1;831;;8;17;1;23;13;15;6;7;1;16;12;10;
*$$&H=;s;;;;;;17.26.22;1;6;2;1;831;;8;17;1;23;13;15;6;7;1;16;12;10;
ap07:07;;;;;;;17.26.31;1;6;2;1;840;;8;17;1;23;13;15;6;7;1;16;12;10;
az1;;;;;;;17.26.31;1;6;1;1;840;;8;17;1;23;13;15;7;1;16;12;10;6;
a07SQ/~~~16;;;;;;;17.27.25;1;6;1;1;849;;8;17;1;23;13;15;7;1;16;12;10;6;
*08RQ/~~~16;;;;;;;17.27.25;1;6;1;1;849;;8;17;1;23;13;15;7;1;16;12;10;6;
*15EN+K3B~3;;;;;;;17.27.25;1;6;1;1;849;;8;17;1;23;13;15;7;1;16;12;10;6;
a01AT/W2~25DH;s;p;;;;;17.27.32;1;6;1;1;856;;8;17;1;23;13;15;7;1;16;12;10;6;
*17BN#~~~~4;s;;;;;;17.27.32;1;6;1;1;856;;8;17;1;23;13;15;7;1;16;12;10;6;
*p08:07;;;;;;;17.27.42;1;6;1;1;866;;8;17;1;23;13;15;7;1;16;12;10;6;
*z5;;;;;;;17.27.42;1;5;1;1;869;;17;1;23;13;15;8;7;1;16;12;10;6;
*17SH-~~~11;;;;;;;17.27.42;1;5;1;1;878;;17;1;23;13;15;8;7;1;16;12;10;6;
a17RH#~~~11;;;;;;;17.27.42;1;5;1;1;878;;17;1;23;13;15;8;7;1;16;12;10;6;
a07EU+K1C~3;;;;;;;17.27.42;1;5;1;1;878;;17;1;23;13;15;8;7;1;16;12;10;6;
a16AU#PP~37~H;s;r;;;;;17.27.42;1;5;1;1;878;;17;1;23;13;15;8;7;1;16;12;10;6;
*$$&H=;s;;;;;;17.27.42;1;5;1;1;878;;17;1;23;13;15;8;7;1;16;12;10;6;
ap08:08;;;;;;;17.27.56;1;5;1;1;894;;17;1;23;13;15;8;7;1;16;12;10;6;
az6;;;;;;;17.27.56;1;5;6;1;896;;17;1;23;13;15;8;1;16;12;10;6;7;
a01SQ-~~~16;;;;;;;17.27.56;1;5;6;1;899;;17;1;23;13;15;8;1;16;12;10;6;7;
*08RQ+~~~16;;;;;;;17.27.56;1;5;6;1;899;;17;1;23;13;15;8;1;16;12;10;6;7;
*01AT#W2~21~H;s;r;;;;;17.27.56;1;5;6;1;899;;17;1;23;13;15;8;1;16;12;10;6;7;
a10BN/~~~~4;s;;;;;;17.27.56;1;5;6;1;899;;17;1;23;13;15;8;1;16;12;10;6;7;
*p09:08;;;;;;;17.28.18;1;5;6;1;921;;17;1;23;13;15;8;1;16;12;10;6;7;
*z4;;;;;;;17.28.18;1;4;6;1;921;;1;23;13;15;8;17;1;16;12;10;6;7;
*01SH=;s;;;;;;17.28.18;1;4;6;1;922;;1;23;13;15;8;17;1;16;12;10;6;7;
a$$&H#;s;;;;;;17.28.18;1;4;6;1;922;;1;23;13;15;8;17;1;16;12;10;6;7;
ap09:09;;;;;;;17.28.27;1;4;6;1;931;;1;23;13;15;8;17;1;16;12;10;6;7;
az5;;;;;;;17.28.27;1;4;5;1;933;;1;23;13;15;8;17;16;12;10;6;7;1;
a16SQ=~~~15D~~N;s;;;;;;17.28.27;1;4;5;1;940;;1;23;13;15;8;17;16;12;10;6;7;1;
*$$&H#;s;;;;;;17.28.27;1;4;5;1;940;;1;23;13;15;8;17;16;12;10;6;7;1;
*p10:09;;;;;;;17.28.27;1;4;5;1;940;;1;23;13;15;8;17;16;12;10;6;7;1;
*z3;;;;;;;17.28.27;1;3;5;1;940;;23;13;15;8;17;1;16;12;10;6;7;1;
*23SQ-~~~16;;;;;;;17.28.28;1;3;5;1;961;;23;13;15;8;17;1;16;12;10;6;7;1;
a01RQ+~~~16;;;;;;;17.28.28;1;3;5;1;961;;23;13;15;8;17;1;16;12;10;6;7;1;
a07EN+K7F~4;;;;;;;17.28.28;1;3;5;1;961;;23;13;15;8;17;1;16;12;10;6;7;1;
a10AT#W4~47~H;s;r;;;;;17.28.34;1;3;5;1;967;;23;13;15;8;17;1;16;12;10;6;7;1;
*07DN/~~~47;;;;;;;17.28.34;1;3;5;1;967;;23;13;15;8;17;1;16;12;10;6;7;1;
*$$&H=;s;;;;;;17.28.34;1;3;5;1;967;;23;13;15;8;17;1;16;12;10;6;7;1;
ap10:10;;;;;;;17.28.44;1;3;5;1;977;;23;13;15;8;17;1;16;12;10;6;7;1;
az4;;;;;;;17.28.44;1;3;4;1;985;;23;13;15;8;17;1;12;10;6;7;1;16;
a12SQ=~~~16~~~Nhere;s;;;;;;17.28.53;1;3;4;1;987;;23;13;15;8;17;1;12;10;6;7;1;16;
*$$&H#;s;;;;;;17.28.53;1;3;4;1;987;;23;13;15;8;17;1;12;10;6;7;1;16;
*p11:10;;;;;;;17.28.57;1;3;4;1;991;;23;13;15;8;17;1;12;10;6;7;1;16;
*z2;;;;;;;17.28.57;1;2;4;1;993;;13;15;8;17;1;23;12;10;6;7;1;16;
*13SQ-~~~16;;;;;;;17.29.12;1;2;4;1;1006;;13;15;8;17;1;23;12;10;6;7;1;16;
a01RQ#~~~16;;;;;;;17.29.12;1;2;4;1;1006;;13;15;8;17;1;23;12;10;6;7;1;16;
a07EH+K7S~2;;;;;;;17.29.12;1;2;4;1;1007;;13;15;8;17;1;23;12;10;6;7;1;16;
a07AH-LL~~~~T;;r;;;;;17.29.12;1;2;4;1;1008;;13;15;8;17;1;23;12;10;6;7;1;16;
*01DH#;;;;;;;17.29.12;1;2;4;1;1008;;13;15;8;17;1;23;12;10;6;7;1;16;
*13FH=;s;;;;;;17.29.35;1;2;4;1;1012;;13;15;8;17;1;23;12;10;6;7;1;16;
a$$&H#;s;;;;;;17.29.35;1;2;4;1;1012;;13;15;8;17;1;23;12;10;6;7;1;16;
ap11:11;;;;;;;17.29.35;1;2;4;1;1015;;13;15;8;17;1;23;12;10;6;7;1;16;
az3;;;;;;;17.29.35;1;2;3;1;1029;;13;15;8;17;1;23;10;6;7;1;16;12;
a10SH-~~~17;;;;;;;17.29.48;1;2;3;1;1042;;13;15;8;17;1;23;10;6;7;1;16;12;
*08RH#~~~17~O;;;;;;;17.29.48;1;2;3;1;1042;;13;15;8;17;1;23;10;6;7;1;16;12;
*15EN+K1P~3;;;;;;;17.29.48;1;2;3;1;1044;;13;15;8;17;1;23;10;6;7;1;16;12;
*23AN#W8~81~H;s;r;;;;;17.29.56;1;2;3;1;1045;;13;15;8;17;1;23;10;6;7;1;16;12;
a10DN/~~~81;;;;;;;17.29.56;1;2;3;1;1045;;13;15;8;17;1;23;10;6;7;1;16;12;
a$$&H=;s;;;;;;17.29.56;1;2;3;1;1045;;13;15;8;17;1;23;10;6;7;1;16;12;
*p12:11;;;;;;;17.30.05;1;2;3;1;1048;;13;15;8;17;1;23;10;6;7;1;16;12;
*z1;;;;;;;17.30.05;1;1;3;1;1059;;15;8;17;1;23;13;10;6;7;1;16;12;
*15SQ-~~~15;;;;;;;17.31.13;1;1;3;1;1127;;15;8;17;1;23;13;10;6;7;1;16;12;
a01RQ#~~~15;;;;;;;17.31.13;1;1;3;1;1127;;15;8;17;1;23;13;10;6;7;1;16;12;
a07EN+K1F~3;;;;;;;17.31.13;1;1;3;1;1129;;15;8;17;1;23;13;10;6;7;1;16;12;
a01AT#W4~41~H;s;r;;;;;17.31.20;1;1;3;1;1130;;15;8;17;1;23;13;10;6;7;1;16;12;
*15DN/~~~41;;;;;;;17.31.20;1;1;3;1;1130;;15;8;17;1;23;13;10;6;7;1;16;12;
*$$&H=;s;;;;;;17.31.20;1;1;3;1;1130;;15;8;17;1;23;13;10;6;7;1;16;12;
ap12:12;;;;;;;17.31.29;1;1;3;1;1133;;15;8;17;1;23;13;10;6;7;1;16;12;
az2;;;;;;;17.31.29;1;1;2;1;1143;;15;8;17;1;23;13;6;7;1;16;12;10;
a06SQ!~~~61;;;;;;;17.31.33;1;1;2;1;1147;;15;8;17;1;23;13;6;7;1;16;12;10;
*08RQ!~~~61;;;;;;;17.31.33;1;1;2;1;1147;;15;8;17;1;23;13;6;7;1;16;12;10;
*15EH=K3C~3~1;p;;;;;;17.31.40;1;1;2;1;1147;;15;8;17;1;23;13;6;7;1;16;12;10;
a$$&H#;p;;;;;;17.31.40;1;1;2;1;1147;;15;8;17;1;23;13;6;7;1;16;12;10;
ap12:13;;;;;;;17.31.47;1;1;2;1;1150;;15;8;17;1;23;13;6;7;1;16;12;10;
a06SQ=~~~66B;s;;;;;;17.31.57;1;1;2;1;1171;;15;8;17;1;23;13;6;7;1;16;12;10;
*$$&H#;s;;;;;;17.31.57;1;1;2;1;1171;;15;8;17;1;23;13;6;7;1;16;12;10;
*p13:13;;;;;;;17.32.01;1;1;2;1;1175;;15;8;17;1;23;13;6;7;1;16;12;10;
*z6;;;;;;;17.32.01;1;6;2;1;1175;;8;17;1;23;13;15;6;7;1;16;12;10;
*08SQ=~~~15D~~N;s;;;;;;17.32.13;1;6;2;1;1187;;8;17;1;23;13;15;6;7;1;16;12;10;
a$$&H#;s;;;;;;17.32.13;1;6;2;1;1187;;8;17;1;23;13;15;6;7;1;16;12;10;
ap13:14;;;;;;;17.32.17;1;6;2;1;1191;;8;17;1;23;13;15;6;7;1;16;12;10;
az1;;;;;;;17.32.17;1;6;1;1;1191;;8;17;1;23;13;15;7;1;16;12;10;6;
a07SQ+~~~16;;;;;;;17.32.29;1;6;1;1;1203;;8;17;1;23;13;15;7;1;16;12;10;6;
*07RQ-~~~16;;;;;;;17.32.29;1;6;1;1;1203;;8;17;1;23;13;15;7;1;16;12;10;6;
*15EH+;;;;;;;17.32.29;1;6;1;1;1205;;8;17;1;23;13;15;7;1;16;12;10;6;
*23AH+I4~45DH;;r;;;;;17.32.36;1;6;1;1;1206;;8;17;1;23;13;15;7;1;16;12;10;6;
a17DH-~~~45D;;;;;;;17.32.36;1;6;1;1;1206;;8;17;1;23;13;15;7;1;16;12;10;6;
a07EH+;;;;;;;17.32.36;1;6;1;1;1209;;8;17;1;23;13;15;7;1;16;12;10;6;
a01AH+Y4~46~H;;p;;;;;17.32.43;1;6;1;1;1210;;8;17;1;23;13;15;7;1;16;12;10;6;
*01BH-~~~~2;;;;;;;17.32.43;1;6;1;1;1210;;8;17;1;23;13;15;7;1;16;12;10;6;
a07EN+;;;;;;;17.32.43;1;6;1;1;1213;;8;17;1;23;13;15;7;1;16;12;10;6;
a12AT+W2~26~H;;p;;;;;17.32.49;1;6;1;1;1214;;8;17;1;23;13;15;7;1;16;12;10;6;
*23BN-~~~~4;;;;;;;17.32.49;1;6;1;1;1214;;8;17;1;23;13;15;7;1;16;12;10;6;
a07EN+;;;;;;;17.32.49;1;6;1;1;1217;;8;17;1;23;13;15;7;1;16;12;10;6;
a01AT=W4~41BP;s;p;;;;;17.32.53;1;6;1;1;1218;;8;17;1;23;13;15;7;1;16;12;10;6;
*$$&H#;s;;;;;;17.32.53;1;6;1;1;1218;;8;17;1;23;13;15;7;1;16;12;10;6;
*p14:14;;;;;;;17.32.55;1;6;1;1;1221;;8;17;1;23;13;15;7;1;16;12;10;6;
*z5;;;;;;;17.32.55;1;5;1;1;1229;;17;1;23;13;15;8;7;1;16;12;10;6;
*17SQ-~~~18;;;;;;;17.33.06;1;5;1;1;1240;;17;1;23;13;15;8;7;1;16;12;10;6;
a17RQ#~~~18;;;;;;;17.33.06;1;5;1;1;1240;;17;1;23;13;15;8;7;1;16;12;10;6;
a07EU+K1C~3;;;;;;;17.33.06;1;5;1;1;1242;;17;1;23;13;15;8;7;1;16;12;10;6;
a16AU#PP~37~H;s;r;;;;;17.33.13;1;5;1;1;1243;;17;1;23;13;15;8;7;1;16;12;10;6;
*$$&H=;s;;;;;;17.33.13;1;5;1;1;1243;;17;1;23;13;15;8;7;1;16;12;10;6;
ap14:15;;;;;;;17.33.14;1;5;1;1;1246;;17;1;23;13;15;8;7;1;16;12;10;6;
az6;;;;;;;17.33.14;1;5;6;1;1248;;17;1;23;13;15;8;1;16;12;10;6;7;
a01SQ-~~~67;;;;;;;17.33.27;1;5;6;1;1261;;17;1;23;13;15;8;1;16;12;10;6;7;
*08RQ+~~~67;;;;;;;17.33.27;1;5;6;1;1261;;17;1;23;13;15;8;1;16;12;10;6;7;
*15EN+K7B~2;;;;;;;17.33.27;1;5;6;1;1263;;17;1;23;13;15;8;1;16;12;10;6;7;
*01AT#W2~29~H;s;r;;;;;17.33.34;1;5;6;1;1264;;17;1;23;13;15;8;1;16;12;10;6;7;
a$$&H=;s;;;;;;17.33.34;1;5;6;1;1264;;17;1;23;13;15;8;1;16;12;10;6;7;
*p15:15;;;;;;;17.33.45;1;5;6;1;1267;;17;1;23;13;15;8;1;16;12;10;6;7;
*z4;;;;;;;17.33.45;1;4;6;1;1279;;1;23;13;15;8;17;1;16;12;10;6;7;
*01SQ-~~~16;;;;;;;17.33.50;1;4;6;1;1284;;1;23;13;15;8;17;1;16;12;10;6;7;
a17RQ#~~~16;;;;;;;17.33.50;1;4;6;1;1284;;1;23;13;15;8;17;1;16;12;10;6;7;
a07EN+K3B~3;;;;;;;17.33.50;1;4;6;1;1286;;1;23;13;15;8;17;1;16;12;10;6;7;
a12AT#W2~29~H;s;r;;;;;17.33.57;1;4;6;1;1287;;1;23;13;15;8;17;1;16;12;10;6;7;
*01DN/~~~29;;;;;;;17.33.57;1;4;6;1;1287;;1;23;13;15;8;17;1;16;12;10;6;7;
*$$&H=;s;;;;;;17.33.57;1;4;6;1;1287;;1;23;13;15;8;17;1;16;12;10;6;7;
ap15:16;;;;;;;17.34.04;1;4;6;1;1290;;1;23;13;15;8;17;1;16;12;10;6;7;
az5;;;;;;;17.34.04;1;4;5;1;1298;;1;23;13;15;8;17;16;12;10;6;7;1;
a16SQ-~~~16;;;;;;;17.34.17;1;4;5;1;1311;;1;23;13;15;8;17;16;12;10;6;7;1;
*08RQ#~~~16;;;;;;;17.34.17;1;4;5;1;1311;;1;23;13;15;8;17;16;12;10;6;7;1;
*15EU+K3C~3;;;;;;;17.34.17;1;4;5;1;1313;;1;23;13;15;8;17;16;12;10;6;7;1;
*13AU#P3~39~H;s;r;;;;;17.34.24;1;4;5;1;1314;;1;23;13;15;8;17;16;12;10;6;7;1;
a$$&H=;s;;;;;;17.34.24;1;4;5;1;1314;;1;23;13;15;8;17;16;12;10;6;7;1;
*p16:16;;;;;;;17.34.26;1;4;5;1;1317;;1;23;13;15;8;17;16;12;10;6;7;1;
*z3;;;;;;;17.34.26;1;3;5;1;1320;;23;13;15;8;17;1;16;12;10;6;7;1;
*23SQ!~~~16;;;;;;;17.34.39;1;3;5;1;1333;;23;13;15;8;17;1;16;12;10;6;7;1;
a01RQ!~~~16;;;;;;;17.34.39;1;3;5;1;1333;;23;13;15;8;17;1;16;12;10;6;7;1;
a07EN+;;;;;;;17.34.39;1;3;5;1;1335;;23;13;15;8;17;1;16;12;10;6;7;1;
a10AT+W4~49~T;;r;;;;;17.34.46;1;3;5;1;1336;;23;13;15;8;17;1;16;12;10;6;7;1;
a07EH+;;;;;;;17.34.46;1;3;5;1;1339;;23;13;15;8;17;1;16;12;10;6;7;1;
a10AH-XQ~~~~H;;s;;;;;17.34.46;1;3;5;1;1340;;23;13;15;8;17;1;16;12;10;6;7;1;
*15EN+;;;;;;;17.34.46;1;3;5;1;1343;;23;13;15;8;17;1;16;12;10;6;7;1;
*08AT+W4~47~H;;p;;;;;17.34.52;1;3;5;1;1344;;23;13;15;8;17;1;16;12;10;6;7;1;
a17DN-~~~47;;;;;;;17.34.52;1;3;5;1;1344;;23;13;15;8;17;1;16;12;10;6;7;1;
*07FH#;;;;;;;17.34.57;1;3;5;1;1348;;23;13;15;8;17;1;16;12;10;6;7;1;
*15EU+;;;;;;;17.34.57;1;3;5;1;1351;;23;13;15;8;17;1;16;12;10;6;7;1;
*13AU#P7~35~H;p;p;;;;;17.34.58;1;3;5;1;1352;;23;13;15;8;17;1;16;12;10;6;7;1;
a$$&H=;p;;;;;;17.34.58;1;3;5;1;1352;;23;13;15;8;17;1;16;12;10;6;7;1;
*p17:16;;;;;;;17.35.12;1;3;5;1;1355;;23;13;15;8;17;1;16;12;10;6;7;1;
*23SQ+~~~15;;;;;;;17.35.19;1;3;5;1;1373;;23;13;15;8;17;1;16;12;10;6;7;1;
a10RQ-~~~15;;;;;;;17.35.19;1;3;5;1;1373;;23;13;15;8;17;1;16;12;10;6;7;1;
a07EH+KEF~8;;;;;;;17.35.19;1;3;5;1;1375;;23;13;15;8;17;1;16;12;10;6;7;1;
a10AH#I4~41~H;s;r;;;;;17.35.24;1;3;5;1;1376;;23;13;15;8;17;1;16;12;10;6;7;1;
*01DH/~~~41;;;;;;;17.35.24;1;3;5;1;1376;;23;13;15;8;17;1;16;12;10;6;7;1;
*$$&H=;s;;;;;;17.35.24;1;3;5;1;1376;;23;13;15;8;17;1;16;12;10;6;7;1;
ap17:17;;;;;;;17.35.29;1;3;5;1;1379;;23;13;15;8;17;1;16;12;10;6;7;1;
az4;;;;;;;17.35.29;1;3;4;1;1383;;23;13;15;8;17;1;12;10;6;7;1;16;
a12SQ-~~~11;;;;;;;17.35.42;1;3;4;1;1396;;23;13;15;8;17;1;12;10;6;7;1;16;
*08RQ#~~~11;;;;;;;17.35.42;1;3;4;1;1396;;23;13;15;8;17;1;12;10;6;7;1;16;
*15EN+K3B~3;;;;;;;17.35.42;1;3;4;1;1398;;23;13;15;8;17;1;12;10;6;7;1;16;
*01AN=W9~91~H;p;r;;;;;17.35.49;1;3;4;1;1399;;23;13;15;8;17;1;12;10;6;7;1;16;
a$$&H#;p;;;;;;17.35.49;1;3;4;1;1399;;23;13;15;8;17;1;12;10;6;7;1;16;
ap17:18;;;;;;;17.35.51;1;3;4;1;1402;;23;13;15;8;17;1;12;10;6;7;1;16;
a12SQ=~~~15D;s;;;;;;17.36.03;1;3;4;1;1417;;23;13;15;8;17;1;12;10;6;7;1;16;
*$$&H#;s;;;;;;17.36.03;1;3;4;1;1417;;23;13;15;8;17;1;12;10;6;7;1;16;
*p18:18;;;;;;;17.36.08;1;3;4;1;1422;;23;13;15;8;17;1;12;10;6;7;1;16;
*z2;;;;;;;17.36.08;1;2;4;1;1422;;13;15;8;17;1;23;12;10;6;7;1;16;
*13SQ=~~~16~~~N;s;;;;;;17.36.22;1;2;4;1;1436;;13;15;8;17;1;23;12;10;6;7;1;16;
a$$&H#;s;;;;;;17.36.22;1;2;4;1;1436;;13;15;8;17;1;23;12;10;6;7;1;16;
ap18:19;;;;;;;17.36.25;1;2;4;1;1439;;13;15;8;17;1;23;12;10;6;7;1;16;
az3;;;;;;;17.36.25;1;2;3;1;1439;;13;15;8;17;1;23;10;6;7;1;16;12;
a10SH-~~~16;;;;;;;17.36.39;1;2;3;1;1453;;13;15;8;17;1;23;10;6;7;1;16;12;
*23RH+~~~16;;;;;;;17.36.39;1;2;3;1;1453;;13;15;8;17;1;23;10;6;7;1;16;12;
*15EN+K3F~3;;;;;;;17.36.39;1;2;3;1;1455;;13;15;8;17;1;23;10;6;7;1;16;12;
*08AT+W4~41BH;;r;;;;;17.36.44;1;2;3;1;1456;;13;15;8;17;1;23;10;6;7;1;16;12;
a12DN-~~~41B;;;;;;;17.36.44;1;2;3;1;1456;;13;15;8;17;1;23;10;6;7;1;16;12;
*07FH#;;;;;;;17.36.49;1;2;3;1;1460;;13;15;8;17;1;23;10;6;7;1;16;12;
*15EU+;;;;;;;17.36.49;1;2;3;1;1463;;13;15;8;17;1;23;10;6;7;1;16;12;
*17AU#P3~39~H;s;s;;;;;17.36.53;1;2;3;1;1464;;13;15;8;17;1;23;10;6;7;1;16;12;
a$$&H=;s;;;;;;17.36.53;1;2;3;1;1464;;13;15;8;17;1;23;10;6;7;1;16;12;
*p19:19;;;;;;;17.36.56;1;2;3;1;1467;;13;15;8;17;1;23;10;6;7;1;16;12;
*z1;;;;;;;17.36.56;1;1;3;1;1470;;15;8;17;1;23;13;10;6;7;1;16;12;
*15SQ-~~~16;;;;;;;17.37.07;1;1;3;1;1481;;15;8;17;1;23;13;10;6;7;1;16;12;
a17RQ#~~~16;;;;;;;17.37.07;1;1;3;1;1481;;15;8;17;1;23;13;10;6;7;1;16;12;
a07EU+K2C~3;;;;;;;17.37.07;1;1;3;1;1483;;15;8;17;1;23;13;10;6;7;1;16;12;
a06AO-P2~33~T;;r;;;;;17.37.18;1;1;3;1;1484;;15;8;17;1;23;13;10;6;7;1;16;12;
*15EH#;;;;;;;17.37.18;1;1;3;1;1487;;15;8;17;1;23;13;10;6;7;1;16;12;
*17AH#XQ~~~~H1;p;p;;;;;17.37.18;1;1;3;1;1488;;15;8;17;1;23;13;10;6;7;1;16;12;
a06BH/~~~~~~~1;p;;;;;;17.37.18;1;1;3;1;1488;;15;8;17;1;23;13;10;6;7;1;16;12;
*p20:19;;;;;;;17.37.24;1;1;3;1;1491;;15;8;17;1;23;13;10;6;7;1;16;12;
*15SQ=~~~16D;s;;;;;;17.37.47;1;1;3;1;1521;;15;8;17;1;23;13;10;6;7;1;16;12;
a$$&H#;s;;;;;;17.37.47;1;1;3;1;1521;;15;8;17;1;23;13;10;6;7;1;16;12;
ap20:20;;;;;;;17.37.53;1;1;3;1;1527;;15;8;17;1;23;13;10;6;7;1;16;12;
az2;;;;;;;17.37.53;1;1;2;1;1527;;15;8;17;1;23;13;6;7;1;16;12;10;
a06SQ=~~~65D~~N;s;;;;;;17.38.03;1;1;2;1;1537;;15;8;17;1;23;13;6;7;1;16;12;10;
*$$&H#;s;;;;;;17.38.03;1;1;2;1;1537;;15;8;17;1;23;13;6;7;1;16;12;10;
*p21:20;;;;;;;17.38.08;1;1;2;1;1542;;15;8;17;1;23;13;6;7;1;16;12;10;
*z6;;;;;;;17.38.08;1;6;2;1;1542;;8;17;1;23;13;15;6;7;1;16;12;10;
*08SQ-~~~16;;;;;;;17.38.23;1;6;2;1;1557;;8;17;1;23;13;15;6;7;1;16;12;10;
a10RQ+~~~16;;;;;;;17.38.23;1;6;2;1;1557;;8;17;1;23;13;15;6;7;1;16;12;10;
a07EU+K7C~4;;;;;;;17.38.23;1;6;2;1;1559;;8;17;1;23;13;15;6;7;1;16;12;10;
a16AU+P7~39~H;;r;;;;;17.38.28;1;6;2;1;1560;;8;17;1;23;13;15;6;7;1;16;12;10;
*15DU+~~~39;;;;;;;17.38.28;1;6;2;1;1560;;8;17;1;23;13;15;6;7;1;16;12;10;
*15EH+;;;;;;;17.38.28;1;6;2;1;1563;;8;17;1;23;13;15;6;7;1;16;12;10;
*01AH#Y2~21~H;p;p;;;;;17.38.33;1;6;2;1;1564;;8;17;1;23;13;15;6;7;1;16;12;10;
a$$&H=;p;;;;;;17.38.33;1;6;2;1;1564;;8;17;1;23;13;15;6;7;1;16;12;10;
*p22:20;;;;;;;17.38.39;1;6;2;1;1567;;8;17;1;23;13;15;6;7;1;16;12;10;
aT;;;;;;;17.38.39;1;6;2;1;1573;;8;17;1;23;13;15;6;7;1;16;12;10;
*08SQ/~~~15D;;;;;;;17.39.44;1;6;2;1;1638;;8;17;1;23;13;15;6;7;1;16;12;10;
a10RQ/~~~15D;;;;;;;17.39.44;1;6;2;1;1638;;8;17;1;23;13;15;6;7;1;16;12;10;
*17FH#;;;;;;;17.39.53;1;6;2;1;1640;;8;17;1;23;13;15;6;7;1;16;12;10;
*15EN+;;;;;;;17.39.53;1;6;2;1;1643;;8;17;1;23;13;15;6;7;1;16;12;10;
*23AT/W4~45~H;s;p;;;;;17.39.56;1;6;2;1;1644;;8;17;1;23;13;15;6;7;1;16;12;10;
a07BN#~~~~2;s;;;;;;17.39.56;1;6;2;1;1644;;8;17;1;23;13;15;6;7;1;16;12;10;
ap22:21;;;;;;;17.40.08;1;6;2;1;1647;;8;17;1;23;13;15;6;7;1;16;12;10;
az1;;;;;;;17.40.08;1;6;1;1;1662;;8;17;1;23;13;15;7;1;16;12;10;6;
a07SQ-~~~16;;;;;;;17.40.15;1;6;1;1;1669;;8;17;1;23;13;15;7;1;16;12;10;6;
*07RQ+~~~16;;;;;;;17.40.15;1;6;1;1;1669;;8;17;1;23;13;15;7;1;16;12;10;6;
*15EN+K7B~3;;;;;;;17.40.15;1;6;1;1;1671;;8;17;1;23;13;15;7;1;16;12;10;6;
*01AT#W2~28~T;s;r;;;;;17.40.22;1;6;1;1;1672;;8;17;1;23;13;15;7;1;16;12;10;6;
a$$&H=;s;;;;;;17.40.22;1;6;1;1;1672;;8;17;1;23;13;15;7;1;16;12;10;6;
*p23:21;;;;;;;17.40.24;1;6;1;1;1675;;8;17;1;23;13;15;7;1;16;12;10;6;
*z5;;;;;;;17.40.24;1;5;1;1;1678;;17;1;23;13;15;8;7;1;16;12;10;6;
*17SH-~~~53;;;;;;;17.40.38;1;5;1;1;1692;;17;1;23;13;15;8;7;1;16;12;10;6;
a16RH+~~~53;;;;;;;17.40.38;1;5;1;1;1692;;17;1;23;13;15;8;7;1;16;12;10;6;
a07EN+K1B~3;;;;;;;17.40.38;1;5;1;1;1694;;17;1;23;13;15;8;7;1;16;12;10;6;
a01AT#W2~21~H;s;r;;;;;17.40.48;1;5;1;1;1695;;17;1;23;13;15;8;7;1;16;12;10;6;
*$$&H=;s;;;;;;17.40.48;1;5;1;1;1695;;17;1;23;13;15;8;7;1;16;12;10;6;
ap23:22;;;;;;;17.40.52;1;5;1;1;1698;;17;1;23;13;15;8;7;1;16;12;10;6;
az6;;;;;;;17.40.52;1;5;6;1;1706;;17;1;23;13;15;8;1;16;12;10;6;7;
a01SQ!~~~19;;;;;;;17.41.00;1;5;6;1;1714;;17;1;23;13;15;8;1;16;12;10;6;7;
*01RQ!~~~19;;;;;;;17.41.00;1;5;6;1;1714;;17;1;23;13;15;8;1;16;12;10;6;7;
*15EN+KEB~9;;;;;;;17.41.00;1;5;6;1;1716;;17;1;23;13;15;8;1;16;12;10;6;7;
*01AT#W2~29~H;s;r;;;;;17.41.08;1;5;6;1;1717;;17;1;23;13;15;8;1;16;12;10;6;7;
a07DN/~~~29;;;;;;;17.41.08;1;5;6;1;1717;;17;1;23;13;15;8;1;16;12;10;6;7;
a$$&H=;s;;;;;;17.41.08;1;5;6;1;1717;;17;1;23;13;15;8;1;16;12;10;6;7;
*p24:22;;;;;;;17.41.11;1;5;6;1;1720;;17;1;23;13;15;8;1;16;12;10;6;7;
*z4;;;;;;;17.41.11;1;4;6;1;1725;;1;23;13;15;8;17;1;16;12;10;6;7;
*01SQ-~~~15;;;;;;;17.41.36;1;4;6;1;1750;;1;23;13;15;8;17;1;16;12;10;6;7;
a10RQ#~~~15;;;;;;;17.41.36;1;4;6;1;1750;;1;23;13;15;8;17;1;16;12;10;6;7;
a07EN+K7F~3;;;;;;;17.41.36;1;4;6;1;1752;;1;23;13;15;8;17;1;16;12;10;6;7;
a10AT+W4~46~H;;r;;;;;17.41.44;1;4;6;1;1753;;1;23;13;15;8;17;1;16;12;10;6;7;
*15BN-~~~~2;;;;;;;17.41.44;1;4;6;1;1753;;1;23;13;15;8;17;1;16;12;10;6;7;
a17FH#;;;;;;;17.41.51;1;4;6;1;1757;;1;23;13;15;8;17;1;16;12;10;6;7;
a07EN+;;;;;;;17.41.51;1;4;6;1;1760;;1;23;13;15;8;17;1;16;12;10;6;7;
a12AT=W2~21~H;p;s;;;;;17.41.53;1;4;6;1;1761;;1;23;13;15;8;17;1;16;12;10;6;7;
*$$&H#;p;;;;;;17.41.53;1;4;6;1;1761;;1;23;13;15;8;17;1;16;12;10;6;7;
*p25:22;;;;;;;17.42.36;1;4;6;1;1764;;1;23;13;15;8;17;1;16;12;10;6;7;
**1set;;;;;;;17.42.36;2;4;6;1;1810;;;;;;;;;;;;;;
*P15>LUp;;;;;;;17.42.36;2;4;6;1;1810;;8;17;1;23;13;15;1;16;12;10;6;7;
*z6>LUp;;;;;;;17.42.36;2;6;6;1;1810;;8;17;1;23;13;15;1;16;12;10;6;7;
aP07>LUp;;;;;;;17.42.36;2;6;6;1;1810;;8;17;1;23;13;15;1;16;12;10;6;7;
az6>LUp;;;;;;;17.42.36;2;6;6;1;1810;;8;17;1;23;13;15;1;16;12;10;6;7;
*08SQ#~~~15B;p;;;;;;17.46.01;2;6;6;1;2015;;8;17;1;23;13;15;1;16;12;10;6;7;
a17RQ=~~~15B;p;;;;;;17.46.01;2;6;6;1;2015;;8;17;1;23;13;15;1;16;12;10;6;7;
*p01:00;;;;;;;17.46.18;2;6;6;1;2018;;8;17;1;23;13;15;1;16;12;10;6;7;
*08SQ=~~~16D;s;;;;;;17.46.21;2;6;6;1;2035;;8;17;1;23;13;15;1;16;12;10;6;7;
a$$&H#;s;;;;;;17.46.21;2;6;6;1;2035;;8;17;1;23;13;15;1;16;12;10;6;7;
ap01:01;;;;;;;17.46.27;2;6;6;1;2041;;8;17;1;23;13;15;1;16;12;10;6;7;
az5;;;;;;;17.46.27;2;6;5;1;2041;;8;17;1;23;13;15;16;12;10;6;7;1;
a16SQ!~~~11;;;;;;;17.46.40;2;6;5;1;2054;;8;17;1;23;13;15;16;12;10;6;7;1;
*08RQ!~~~11;;;;;;;17.46.40;2;6;5;1;2054;;8;17;1;23;13;15;16;12;10;6;7;1;
*15EU+K7C~4;;;;;;;17.46.40;2;6;5;1;2056;;8;17;1;23;13;15;16;12;10;6;7;1;
*17AU+P7~36~H;;r;;;;;17.46.48;2;6;5;1;2057;;8;17;1;23;13;15;16;12;10;6;7;1;
a06BU-~~~~3;;;;;;;17.46.48;2;6;5;1;2057;;8;17;1;23;13;15;16;12;10;6;7;1;
*15FH-;;;;;;;17.46.56;2;6;5;1;2061;;8;17;1;23;13;15;16;12;10;6;7;1;
*15EH+;;;;;;;17.46.56;2;6;5;1;2064;;8;17;1;23;13;15;16;12;10;6;7;1;
*23AH#Y4~47~H;s;s;;;;;17.47.03;2;6;5;1;2065;;8;17;1;23;13;15;16;12;10;6;7;1;
a$$&H=;s;;;;;;17.47.03;2;6;5;1;2065;;8;17;1;23;13;15;16;12;10;6;7;1;
*p02:01;;;;;;;17.47.05;2;6;5;1;2068;;8;17;1;23;13;15;16;12;10;6;7;1;
*z5;;;;;;;17.47.05;2;5;5;1;2079;;17;1;23;13;15;8;16;12;10;6;7;1;
*17SH-~~~59;;;;;;;17.47.19;2;5;5;1;2093;;17;1;23;13;15;8;16;12;10;6;7;1;
a17RH#~~~59;;;;;;;17.47.19;2;5;5;1;2093;;17;1;23;13;15;8;16;12;10;6;7;1;
a07EN+K3P~3;;;;;;;17.47.19;2;5;5;1;2095;;17;1;23;13;15;8;16;12;10;6;7;1;
a01AN#W8~86DH;s;r;;;;;17.47.27;2;5;5;1;2096;;17;1;23;13;15;8;16;12;10;6;7;1;
*$$&H=;s;;;;;;17.47.27;2;5;5;1;2096;;17;1;23;13;15;8;16;12;10;6;7;1;
ap02:02;;;;;;;17.47.34;2;5;5;1;2099;;17;1;23;13;15;8;16;12;10;6;7;1;
az4;;;;;;;17.47.34;2;5;4;1;2108;;17;1;23;13;15;8;12;10;6;7;1;16;
a12SQ-~~~11;;;;;;;17.47.40;2;5;4;1;2114;;17;1;23;13;15;8;12;10;6;7;1;16;
*07RQ+~~~11;;;;;;;17.47.40;2;5;4;1;2114;;17;1;23;13;15;8;12;10;6;7;1;16;
*15EN+K1B~1;;;;;;;17.47.40;2;5;4;1;2116;;17;1;23;13;15;8;12;10;6;7;1;16;
*01AT=W2~29~H;p;r;;;;;17.47.46;2;5;4;1;2117;;17;1;23;13;15;8;12;10;6;7;1;16;
a$$&H#;p;;;;;;17.47.46;2;5;4;1;2117;;17;1;23;13;15;8;12;10;6;7;1;16;
ap02:03;;;;;;;17.47.54;2;5;4;1;2120;;17;1;23;13;15;8;12;10;6;7;1;16;
a12SQ=~~~11D;s;;;;;;17.48.05;2;5;4;1;2139;;17;1;23;13;15;8;12;10;6;7;1;16;
*$$&H#;s;;;;;;17.48.05;2;5;4;1;2139;;17;1;23;13;15;8;12;10;6;7;1;16;
*p03:03;;;;;;;17.48.14;2;5;4;1;2148;;17;1;23;13;15;8;12;10;6;7;1;16;
*z4;;;;;;;17.48.14;2;4;4;1;2148;;1;23;13;15;8;17;12;10;6;7;1;16;
*01SQ=~~~15D;s;;;;;;17.48.22;2;4;4;1;2156;;1;23;13;15;8;17;12;10;6;7;1;16;
a$$&H#;s;;;;;;17.48.22;2;4;4;1;2156;;1;23;13;15;8;17;12;10;6;7;1;16;
ap03:04;;;;;;;17.48.26;2;4;4;1;2160;;1;23;13;15;8;17;12;10;6;7;1;16;
az3;;;;;;;17.48.26;2;4;3;1;2160;;1;23;13;15;8;17;10;6;7;1;16;12;
a10SH-~~~15;;;;;;;17.48.37;2;4;3;1;2171;;1;23;13;15;8;17;10;6;7;1;16;12;
*23RH#~~~15;;;;;;;17.48.37;2;4;3;1;2171;;1;23;13;15;8;17;10;6;7;1;16;12;
*15EN+K7F~3;;;;;;;17.48.37;2;4;3;1;2173;;1;23;13;15;8;17;10;6;7;1;16;12;
*23AT#W4~46~H;s;r;;;;;17.48.43;2;4;3;1;2174;;1;23;13;15;8;17;10;6;7;1;16;12;
a07BN/~~~~2;s;;;;;;17.48.43;2;4;3;1;2174;;1;23;13;15;8;17;10;6;7;1;16;12;
*p04:04;;;;;;;17.48.53;2;4;3;1;2177;;1;23;13;15;8;17;10;6;7;1;16;12;
*z3;;;;;;;17.48.53;2;3;3;1;2187;;23;13;15;8;17;1;10;6;7;1;16;12;
*23SQ-~~~16;;;;;;;17.48.58;2;3;3;1;2192;;23;13;15;8;17;1;10;6;7;1;16;12;
a17RQ#~~~16;;;;;;;17.48.58;2;3;3;1;2192;;23;13;15;8;17;1;10;6;7;1;16;12;
a07EN+K3F~3;;;;;;;17.48.58;2;3;3;1;2194;;23;13;15;8;17;1;10;6;7;1;16;12;
a01AT#W4~49~T;s;r;;;;;17.49.05;2;3;3;1;2195;;23;13;15;8;17;1;10;6;7;1;16;12;
*$$&H=;s;;;;;;17.49.05;2;3;3;1;2195;;23;13;15;8;17;1;10;6;7;1;16;12;
ap04:05;;;;;;;17.49.17;2;3;3;1;2198;;23;13;15;8;17;1;10;6;7;1;16;12;
az2;;;;;;;17.49.17;2;3;2;1;2211;;23;13;15;8;17;1;6;7;1;16;12;10;
a06SQ=~~~65D;s;;;;;;17.49.26;2;3;2;1;2220;;23;13;15;8;17;1;6;7;1;16;12;10;
*$$&H#;s;;;;;;17.49.26;2;3;2;1;2220;;23;13;15;8;17;1;6;7;1;16;12;10;
*p05:05;;;;;;;17.49.30;2;3;2;1;2224;;23;13;15;8;17;1;6;7;1;16;12;10;
*z2;;;;;;;17.49.30;2;2;2;1;2224;;13;15;8;17;1;23;6;7;1;16;12;10;
*13SQ-~~~15;;;;;;;17.49.59;2;2;2;1;2253;;13;15;8;17;1;23;6;7;1;16;12;10;
a01RQ+~~~15;;;;;;;17.49.59;2;2;2;1;2253;;13;15;8;17;1;23;6;7;1;16;12;10;
a07EN+K1F~4;;;;;;;17.49.59;2;2;2;1;2255;;13;15;8;17;1;23;6;7;1;16;12;10;
a01AT#W4~47~H;s;r;;;;;17.50.06;2;2;2;1;2256;;13;15;8;17;1;23;6;7;1;16;12;10;
*08DN/~~~47;;;;;;;17.50.06;2;2;2;1;2256;;13;15;8;17;1;23;6;7;1;16;12;10;
*$$&H=;s;;;;;;17.50.06;2;2;2;1;2256;;13;15;8;17;1;23;6;7;1;16;12;10;
ap05:06;;;;;;;17.50.15;2;2;2;1;2259;;13;15;8;17;1;23;6;7;1;16;12;10;
az1;;;;;;;17.50.15;2;2;1;1;2269;;13;15;8;17;1;23;7;1;16;12;10;6;
a07SQ/~~~16;;;;;;;17.50.24;2;2;1;1;2278;;13;15;8;17;1;23;7;1;16;12;10;6;
*23RQ/~~~16;;;;;;;17.50.24;2;2;1;1;2278;;13;15;8;17;1;23;7;1;16;12;10;6;
*15EH+;;;;;;;17.50.24;2;2;1;1;2280;;13;15;8;17;1;23;7;1;16;12;10;6;
*01AH/I9~98BP;p;r;;;;;17.50.32;2;2;1;1;2281;;13;15;8;17;1;23;7;1;16;12;10;6;
a01BH#~~~~4;p;;;;;;17.50.32;2;2;1;1;2281;;13;15;8;17;1;23;7;1;16;12;10;6;
ap05:07;;;;;;;17.50.36;2;2;1;1;2284;;13;15;8;17;1;23;7;1;16;12;10;6;
a07SQ+~~~15;;;;;;;17.50.56;2;2;1;1;2310;;13;15;8;17;1;23;7;1;16;12;10;6;
*08RQ-~~~15;;;;;;;17.50.56;2;2;1;1;2310;;13;15;8;17;1;23;7;1;16;12;10;6;
*15EN+KEB~9;;;;;;;17.50.56;2;2;1;1;2312;;13;15;8;17;1;23;7;1;16;12;10;6;
*01AN+W9~91~H;;r;;;;;17.51.03;2;2;1;1;2313;;13;15;8;17;1;23;7;1;16;12;10;6;
a07DN-~~~91;;;;;;;17.51.03;2;2;1;1;2313;;13;15;8;17;1;23;7;1;16;12;10;6;
*07FH#;;;;;;;17.51.06;2;2;1;1;2317;;13;15;8;17;1;23;7;1;16;12;10;6;
*15EN+;;;;;;;17.51.06;2;2;1;1;2320;;13;15;8;17;1;23;7;1;16;12;10;6;
*08AT#W4~47~H;s;s;;;;;17.51.08;2;2;1;1;2321;;13;15;8;17;1;23;7;1;16;12;10;6;
a$$&H=;s;;;;;;17.51.08;2;2;1;1;2321;;13;15;8;17;1;23;7;1;16;12;10;6;
*p06:07;;;;;;;17.51.20;2;2;1;1;2324;;13;15;8;17;1;23;7;1;16;12;10;6;
*z1;;;;;;;17.51.20;2;1;1;1;2334;;15;8;17;1;23;13;7;1;16;12;10;6;
*15SQ-~~~66;;;;;;;17.51.30;2;1;1;1;2344;;15;8;17;1;23;13;7;1;16;12;10;6;
a17RQ+~~~66;;;;;;;17.51.30;2;1;1;1;2344;;15;8;17;1;23;13;7;1;16;12;10;6;
a07EU+K3C~3;;;;;;;17.51.30;2;1;1;1;2346;;15;8;17;1;23;13;7;1;16;12;10;6;
a16AU#P3~35~H;s;r;;;;;17.51.38;2;1;1;1;2347;;15;8;17;1;23;13;7;1;16;12;10;6;
*17BU/~~~~3;s;;;;;;17.51.38;2;1;1;1;2347;;15;8;17;1;23;13;7;1;16;12;10;6;
ap06:08;;;;;;;17.51.48;2;1;1;1;2350;;15;8;17;1;23;13;7;1;16;12;10;6;
az6;;;;;;;17.51.48;2;1;6;1;2362;;15;8;17;1;23;13;1;16;12;10;6;7;
a01SQ=~~~11D;s;;;;;;17.51.52;2;1;6;1;2366;;15;8;17;1;23;13;1;16;12;10;6;7;
*$$&H#;s;;;;;;17.51.52;2;1;6;1;2366;;15;8;17;1;23;13;1;16;12;10;6;7;
*p07:08;;;;;;;17.51.59;2;1;6;1;2373;;15;8;17;1;23;13;1;16;12;10;6;7;
*z6;;;;;;;17.51.59;2;6;6;1;2373;;8;17;1;23;13;15;1;16;12;10;6;7;
*c01:09;;;;;;;17.51.59;2;6;6;1;2373;;8;17;9;23;13;15;1;16;12;10;6;7;
*08SQ-~~~15;;;;;;;17.52.18;2;6;6;1;2392;;8;17;9;23;13;15;1;16;12;10;6;7;
a10RQ+~~~15;;;;;;;17.52.18;2;6;6;1;2392;;8;17;9;23;13;15;1;16;12;10;6;7;
a07EN+;;;;;;;17.52.18;2;6;6;1;2394;;8;17;9;23;13;15;1;16;12;10;6;7;
a01AN+W9~95DH;;r;;;;;17.52.26;2;6;6;1;2395;;8;17;9;23;13;15;1;16;12;10;6;7;
*17BN=~~~~4;s;;;;;;17.52.26;2;6;6;1;2395;;8;17;9;23;13;15;1;16;12;10;6;7;
a07FH=~~~~~~~~~conf;p;;;;;;17.52.52;2;6;6;1;2399;;8;17;9;23;13;15;1;16;12;10;6;7;
*p08:08;;;;;;;17.52.48;2;6;6;1;2402;;8;17;9;23;13;15;1;16;12;10;6;7;
*08SQ=~~~16;s;;;;;;17.53.00;2;6;6;1;2434;;8;17;9;23;13;15;1;16;12;10;6;7;
a$$&H#;s;;;;;;17.53.00;2;6;6;1;2434;;8;17;9;23;13;15;1;16;12;10;6;7;
ap08:09;;;;;;;17.53.01;2;6;6;1;2435;;8;17;9;23;13;15;1;16;12;10;6;7;
az5;;;;;;;17.53.01;2;6;5;1;2435;;8;17;9;23;13;15;16;12;10;6;7;1;
a16SQ=~~~16D;s;;;;;;17.53.43;2;6;5;1;2477;;8;17;9;23;13;15;16;12;10;6;7;1;
*$$&H#;s;;;;;;17.53.43;2;6;5;1;2477;;8;17;9;23;13;15;16;12;10;6;7;1;
*p09:09;;;;;;;17.53.47;2;6;5;1;2481;;8;17;9;23;13;15;16;12;10;6;7;1;
*z5;;;;;;;17.53.47;2;5;5;1;2481;;17;9;23;13;15;8;16;12;10;6;7;1;
*17SH#~~~57;p;;;;;;17.54.02;2;5;5;1;2496;;17;9;23;13;15;8;16;12;10;6;7;1;
a10RH=~~~57;p;;;;;;17.54.02;2;5;5;1;2496;;17;9;23;13;15;8;16;12;10;6;7;1;
*p10:09;;;;;;;17.54.08;2;5;5;1;2499;;17;9;23;13;15;8;16;12;10;6;7;1;
*17SH/~~~57;;;;;;;17.54.28;2;5;5;1;2522;;17;9;23;13;15;8;16;12;10;6;7;1;
a10RH/~~~57;;;;;;;17.54.28;2;5;5;1;2522;;17;9;23;13;15;8;16;12;10;6;7;1;
*15EH+;;;;;;;17.54.28;2;5;5;1;2524;;17;9;23;13;15;8;16;12;10;6;7;1;
*13AH-XQ~~~~H;;p;;;;;17.54.28;2;5;5;1;2525;;17;9;23;13;15;8;16;12;10;6;7;1;
a07EH+;;;;;;;17.54.28;2;5;5;1;2528;;17;9;23;13;15;8;16;12;10;6;7;1;
a10AH=Y4~46~H;p;s;;;;;17.54.37;2;5;5;1;2529;;17;9;23;13;15;8;16;12;10;6;7;1;
*$$&H#;p;;;;;;17.54.37;2;5;5;1;2529;;17;9;23;13;15;8;16;12;10;6;7;1;
*p11:09;;;;;;;17.54.46;2;5;5;1;2532;;17;9;23;13;15;8;16;12;10;6;7;1;
*17SH!~~~57;;;;;;;17.54.56;2;5;5;1;2550;;17;9;23;13;15;8;16;12;10;6;7;1;
a06RH!~~~57;;;;;;;17.54.56;2;5;5;1;2550;;17;9;23;13;15;8;16;12;10;6;7;1;
a07EU+K7C~4;;;;;;;17.54.56;2;5;5;1;2552;;17;9;23;13;15;8;16;12;10;6;7;1;
a06AU#P7~39~H;s;r;;;;;17.55.02;2;5;5;1;2553;;17;9;23;13;15;8;16;12;10;6;7;1;
*$$&H=;s;;;;;;17.55.02;2;5;5;1;2553;;17;9;23;13;15;8;16;12;10;6;7;1;
ap11:10;;;;;;;17.55.10;2;5;5;1;2556;;17;9;23;13;15;8;16;12;10;6;7;1;
az4;;;;;;;17.55.10;2;5;4;1;2564;;17;9;23;13;15;8;12;10;6;7;1;16;
a12SQ!~~~15;;;;;;;17.55.23;2;5;4;1;2577;;17;9;23;13;15;8;12;10;6;7;1;16;
*23RQ!~~~15;;;;;;;17.55.23;2;5;4;1;2577;;17;9;23;13;15;8;12;10;6;7;1;16;
*15EN+K7F~4;;;;;;;17.55.23;2;5;4;1;2579;;17;9;23;13;15;8;12;10;6;7;1;16;
*23AT/W4~41~H;p;r;;;;;17.55.32;2;5;4;1;2580;;17;9;23;13;15;8;12;10;6;7;1;16;
a07BN#~~~~2;p;;;;;;17.55.32;2;5;4;1;2580;;17;9;23;13;15;8;12;10;6;7;1;16;
ap11:11;;;;;;;17.55.38;2;5;4;1;2583;;17;9;23;13;15;8;12;10;6;7;1;16;
a12SH!~~~16;;;;;;;17.55.44;2;5;4;1;2598;;17;9;23;13;15;8;12;10;6;7;1;16;
*07RH!~~~16;;;;;;;17.55.44;2;5;4;1;2598;;17;9;23;13;15;8;12;10;6;7;1;16;
*15EU+K7C~8;;;;;;;17.55.44;2;5;4;1;2600;;17;9;23;13;15;8;12;10;6;7;1;16;
*13AU/P7~36~H;p;r;;;;;17.55.52;2;5;4;1;2601;;17;9;23;13;15;8;12;10;6;7;1;16;
a06BU#~~~~3;p;;;;;;17.55.52;2;5;4;1;2601;;17;9;23;13;15;8;12;10;6;7;1;16;
ap11:12;;;;;;;17.55.59;2;5;4;1;2604;;17;9;23;13;15;8;12;10;6;7;1;16;
a12SH-~~~18;;;;;;;17.57.12;2;5;4;1;2686;;17;9;23;13;15;8;12;10;6;7;1;16;
*07RH#~~~18;;;;;;;17.57.12;2;5;4;1;2686;;17;9;23;13;15;8;12;10;6;7;1;16;
*15EN+K7B~3;;;;;;;17.57.12;2;5;4;1;2688;;17;9;23;13;15;8;12;10;6;7;1;16;
*09AT#W2~25DH;s;r;;;;;17.57.21;2;5;4;1;2689;;17;9;23;13;15;8;12;10;6;7;1;16;
a17DN/~~~25D;;;;;;;17.57.21;2;5;4;1;2689;;17;9;23;13;15;8;12;10;6;7;1;16;
a$$&H=;s;;;;;;17.57.21;2;5;4;1;2689;;17;9;23;13;15;8;12;10;6;7;1;16;
*p12:12;;;;;;;17.57.27;2;5;4;1;2692;;17;9;23;13;15;8;12;10;6;7;1;16;
*z4;;;;;;;17.57.27;2;4;4;1;2701;;9;23;13;15;8;17;12;10;6;7;1;16;
*09SQ-~~~16;;;;;;;17.57.32;2;4;4;1;2706;;9;23;13;15;8;17;12;10;6;7;1;16;
a01RQ#~~~16;;;;;;;17.57.32;2;4;4;1;2706;;9;23;13;15;8;17;12;10;6;7;1;16;
a07EN+K1F~3;;;;;;;17.57.32;2;4;4;1;2708;;9;23;13;15;8;17;12;10;6;7;1;16;
a10AT/W4~41~H;p;r;;;;;17.57.42;2;4;4;1;2709;;9;23;13;15;8;17;12;10;6;7;1;16;
*15BN#~~~~2;p;;;;;;17.57.42;2;4;4;1;2709;;9;23;13;15;8;17;12;10;6;7;1;16;
*p13:12;;;;;;;17.57.52;2;4;4;1;2712;;9;23;13;15;8;17;12;10;6;7;1;16;
*09SQ-~~~16;;;;;;;17.57.56;2;4;4;1;2730;;9;23;13;15;8;17;12;10;6;7;1;16;
a01RQ#~~~16~O;;;;;;;17.57.56;2;4;4;1;2730;;9;23;13;15;8;17;12;10;6;7;1;16;
a07EN+K1~~3;;;;;;;17.57.56;2;4;4;1;2732;;9;23;13;15;8;17;12;10;6;7;1;16;
a10AT+W4~46~H;;r;;;;;17.58.06;2;4;4;1;2733;;9;23;13;15;8;17;12;10;6;7;1;16;
a17FH#;;;;;;;17.58.09;2;4;4;1;2737;;9;23;13;15;8;17;12;10;6;7;1;16;
a06AU+PP~36~H;;s;;;;;17.58.11;2;4;4;1;2741;;9;23;13;15;8;17;12;10;6;7;1;16;
*08DH-~~~36;;;;;;;17.58.17;2;4;4;1;2741;;9;23;13;15;8;17;12;10;6;7;1;16;
*15EN+;;;;;;;17.58.17;2;4;4;1;2744;;9;23;13;15;8;17;12;10;6;7;1;16;
*09AN-W9~91~H;;p;;;;;17.58.25;2;4;4;1;2745;;9;23;13;15;8;17;12;10;6;7;1;16;
a07EH+;;;;;;;17.58.25;2;4;4;1;2748;;9;23;13;15;8;17;12;10;6;7;1;16;
a12AH=I9~91~H;p;s;;;;;17.58.32;2;4;4;1;2749;;9;23;13;15;8;17;12;10;6;7;1;16;
*$$&H#;p;;;;;;17.58.32;2;4;4;1;2749;;9;23;13;15;8;17;12;10;6;7;1;16;
*p14:12;;;;;;;17.58.42;2;4;4;1;2752;;9;23;13;15;8;17;12;10;6;7;1;16;
*09SQ=~~~16~~~N;s;;;;;;17.58.46;2;4;4;1;2780;;9;23;13;15;8;17;12;10;6;7;1;16;
a$$&H#;s;;;;;;17.58.46;2;4;4;1;2780;;9;23;13;15;8;17;12;10;6;7;1;16;
ap14:13;;;;;;;17.58.49;2;4;4;1;2783;;9;23;13;15;8;17;12;10;6;7;1;16;
az3;;;;;;;17.58.49;2;4;3;1;2783;;9;23;13;15;8;17;10;6;7;1;16;12;
a10SH-~~~15;;;;;;;17.59.07;2;4;3;1;2801;;9;23;13;15;8;17;10;6;7;1;16;12;
*08RH+~~~15;;;;;;;17.59.07;2;4;3;1;2801;;9;23;13;15;8;17;10;6;7;1;16;12;
*15EN+K3B~2;;;;;;;17.59.07;2;4;3;1;2803;;9;23;13;15;8;17;10;6;7;1;16;12;
*09AN#W9~96~H;s;r;;;;;17.59.14;2;4;3;1;2804;;9;23;13;15;8;17;10;6;7;1;16;12;
a$$&H=;s;;;;;;17.59.14;2;4;3;1;2804;;9;23;13;15;8;17;10;6;7;1;16;12;
*p15:13;;;;;;;17.59.22;2;4;3;1;2807;;9;23;13;15;8;17;10;6;7;1;16;12;
*z3;;;;;;;17.59.22;2;3;3;1;2816;;23;13;15;8;17;9;10;6;7;1;16;12;
*23SQ-~~~16;;;;;;;17.59.26;2;3;3;1;2820;;23;13;15;8;17;9;10;6;7;1;16;12;
a17RQ#~~~16;;;;;;;17.59.26;2;3;3;1;2820;;23;13;15;8;17;9;10;6;7;1;16;12;
a07EU+K3C~3;;;;;;;17.59.26;2;3;3;1;2822;;23;13;15;8;17;9;10;6;7;1;16;12;
a06AU#PP~36~H;s;r;;;;;17.59.35;2;3;3;1;2823;;23;13;15;8;17;9;10;6;7;1;16;12;
*13BU/~~~~3;s;;;;;;17.59.35;2;3;3;1;2823;;23;13;15;8;17;9;10;6;7;1;16;12;
ap15:14;;;;;;;17.59.37;2;3;3;1;2826;;23;13;15;8;17;9;10;6;7;1;16;12;
az2;;;;;;;17.59.37;2;3;2;1;2831;;23;13;15;8;17;9;6;7;1;16;12;10;
*c23:04;;;;;;;17.59.37;2;3;2;1;2831;;4;13;15;8;17;9;6;7;1;16;12;10;
a06SQ-~~~66;;;;;;;17.59.56;2;3;2;1;2850;;4;13;15;8;17;9;6;7;1;16;12;10;
*07RQ#~~~66;;;;;;;17.59.56;2;3;2;1;2850;;4;13;15;8;17;9;6;7;1;16;12;10;
*15EU+K1C~3;;;;;;;17.59.56;2;3;2;1;2852;;4;13;15;8;17;9;6;7;1;16;12;10;
*13AU#PP~39~H;s;r;;;;;18.00.02;2;3;2;1;2853;;4;13;15;8;17;9;6;7;1;16;12;10;
a$$&H=;s;;;;;;18.00.02;2;3;2;1;2853;;4;13;15;8;17;9;6;7;1;16;12;10;
*p16:14;;;;;;;18.00.04;2;3;2;1;2856;;4;13;15;8;17;9;6;7;1;16;12;10;
*z2;;;;;;;18.00.04;2;2;2;1;2858;;13;15;8;17;9;4;6;7;1;16;12;10;
*13SQ/~~~16;;;;;;;18.00.21;2;2;2;1;2875;;13;15;8;17;9;4;6;7;1;16;12;10;
a16RQ/~~~16;;;;;;;18.00.21;2;2;2;1;2875;;13;15;8;17;9;4;6;7;1;16;12;10;
*17FH#;;;;;;;18.00.30;2;2;2;1;2877;;13;15;8;17;9;4;6;7;1;16;12;10;
*15EN+;;;;;;;18.00.30;2;2;2;1;2880;;13;15;8;17;9;4;6;7;1;16;12;10;
*08AT#W4~48~H;p;p;;;;;18.00.31;2;2;2;1;2881;;13;15;8;17;9;4;6;7;1;16;12;10;
a07BN/~~~~2;p;;;;;;18.00.31;2;2;2;1;2881;;13;15;8;17;9;4;6;7;1;16;12;10;
*p17:14;;;;;;;18.00.38;2;2;2;1;2884;;13;15;8;17;9;4;6;7;1;16;12;10;
*13SQ-~~~16;;;;;;;18.00.48;2;2;2;1;2902;;13;15;8;17;9;4;6;7;1;16;12;10;
a10RQ+~~~16;;;;;;;18.00.48;2;2;2;1;2902;;13;15;8;17;9;4;6;7;1;16;12;10;
a07EU+K7C~3;;;;;;;18.00.48;2;2;2;1;2904;;13;15;8;17;9;4;6;7;1;16;12;10;
a16AU+P7~36~H;;r;;;;;18.00.56;2;2;2;1;2905;;13;15;8;17;9;4;6;7;1;16;12;10;
*04DU-~~~36;;;;;;;18.00.56;2;2;2;1;2905;;13;15;8;17;9;4;6;7;1;16;12;10;
*15EH+;;;;;;;18.00.56;2;2;2;1;2908;;13;15;8;17;9;4;6;7;1;16;12;10;
*08AH+I4~46~P;;p;;;;;18.01.00;2;2;2;1;2909;;13;15;8;17;9;4;6;7;1;16;12;10;
a16BH-~~~~2;;;;;;;18.01.00;2;2;2;1;2909;;13;15;8;17;9;4;6;7;1;16;12;10;
*15EN+;;;;;;;18.01.00;2;2;2;1;2912;;13;15;8;17;9;4;6;7;1;16;12;10;
*09AN#W9~95~H;p;p;;;;;18.01.07;2;2;2;1;2913;;13;15;8;17;9;4;6;7;1;16;12;10;
a01BN/~~~~4;p;;;;;;18.01.07;2;2;2;1;2913;;13;15;8;17;9;4;6;7;1;16;12;10;
*p18:14;;;;;;;18.01.14;2;2;2;1;2916;;13;15;8;17;9;4;6;7;1;16;12;10;
*13SQ=~~~16~~~N;s;;;;;;18.01.33;2;2;2;1;2947;;13;15;8;17;9;4;6;7;1;16;12;10;
a$$&H#;s;;;;;;18.01.33;2;2;2;1;2947;;13;15;8;17;9;4;6;7;1;16;12;10;
ap18:15;;;;;;;18.01.37;2;2;2;1;2951;;13;15;8;17;9;4;6;7;1;16;12;10;
az1;;;;;;;18.01.37;2;2;1;1;2951;;13;15;8;17;9;4;7;1;16;12;10;6;
a07SQ=~~~15B;s;;;;;;18.01.50;2;2;1;1;2964;;13;15;8;17;9;4;7;1;16;12;10;6;
*$$&H#;s;;;;;;18.01.50;2;2;1;1;2964;;13;15;8;17;9;4;7;1;16;12;10;6;
*p19:15;;;;;;;18.01.55;2;2;1;1;2969;;13;15;8;17;9;4;7;1;16;12;10;6;
*z1;;;;;;;18.01.55;2;1;1;1;2969;;15;8;17;9;4;13;7;1;16;12;10;6;
*15SQ/~~~65;;;;;;;18.02.07;2;1;1;1;2981;;15;8;17;9;4;13;7;1;16;12;10;6;
a10RQ/~~~65;;;;;;;18.02.07;2;1;1;1;2981;;15;8;17;9;4;13;7;1;16;12;10;6;
*15EH+;;;;;;;18.02.07;2;1;1;1;2983;;15;8;17;9;4;13;7;1;16;12;10;6;
*09AH#XQ~~~~H;p;p;;;;;18.02.07;2;1;1;1;2984;;15;8;17;9;4;13;7;1;16;12;10;6;
a$$&H=;p;;;;;;18.02.07;2;1;1;1;2984;;15;8;17;9;4;13;7;1;16;12;10;6;
*p20:15;;;;;;;18.02.14;2;1;1;1;2987;;15;8;17;9;4;13;7;1;16;12;10;6;
aT;;;;;;;18.02.14;2;1;1;1;2988;;15;8;17;9;4;13;7;1;16;12;10;6;
*15SQ!~~~69;;;;;;;18.03.29;2;1;1;1;3063;;15;8;17;9;4;13;7;1;16;12;10;6;
a01RQ!~~~69;;;;;;;18.03.29;2;1;1;1;3063;;15;8;17;9;4;13;7;1;16;12;10;6;
a07EN+KEB~8;;;;;;;18.03.29;2;1;1;1;3065;;15;8;17;9;4;13;7;1;16;12;10;6;
a01AT#W2~21~H;s;r;;;;;18.03.37;2;1;1;1;3066;;15;8;17;9;4;13;7;1;16;12;10;6;
*15DN/~~~21;;;;;;;18.03.37;2;1;1;1;3066;;15;8;17;9;4;13;7;1;16;12;10;6;
*$$&H=;s;;;;;;18.03.37;2;1;1;1;3066;;15;8;17;9;4;13;7;1;16;12;10;6;
ap20:16;;;;;;;18.03.43;2;1;1;1;3069;;15;8;17;9;4;13;7;1;16;12;10;6;
az6;;;;;;;18.03.43;2;1;6;1;3077;;15;8;17;9;4;13;1;16;12;10;6;7;
a01SQ+~~~16;;;;;;;18.03.57;2;1;6;1;3091;;15;8;17;9;4;13;1;16;12;10;6;7;
*07RQ-~~~16;;;;;;;18.03.57;2;1;6;1;3091;;15;8;17;9;4;13;1;16;12;10;6;7;
*15EH+KPB~4;;;;;;;18.03.57;2;1;6;1;3093;;15;8;17;9;4;13;1;16;12;10;6;7;
*08AH/I2~26~H;p;r;;;;;18.04.05;2;1;6;1;3094;;15;8;17;9;4;13;1;16;12;10;6;7;
a10BH#~~~~4;p;;;;;;18.04.05;2;1;6;1;3094;;15;8;17;9;4;13;1;16;12;10;6;7;
ap20:17;;;;;;;18.04.10;2;1;6;1;3097;;15;8;17;9;4;13;1;16;12;10;6;7;
a01SQ-~~~19;;;;;;;18.04.25;2;1;6;1;3119;;15;8;17;9;4;13;1;16;12;10;6;7;
*08RQ#~~~19;;;;;;;18.04.25;2;1;6;1;3119;;15;8;17;9;4;13;1;16;12;10;6;7;
*15EN+K1F~3;;;;;;;18.04.25;2;1;6;1;3121;;15;8;17;9;4;13;1;16;12;10;6;7;
*09AT#W4~49~T;s;r;;;;;18.04.32;2;1;6;1;3122;;15;8;17;9;4;13;1;16;12;10;6;7;
a$$&H=;s;;;;;;18.04.32;2;1;6;1;3122;;15;8;17;9;4;13;1;16;12;10;6;7;
*p21:17;;;;;;;18.04.42;2;1;6;1;3125;;15;8;17;9;4;13;1;16;12;10;6;7;
*z6;;;;;;;18.04.42;2;6;6;1;3136;;8;17;9;4;13;15;1;16;12;10;6;7;
*c04:23;;;;;;;18.04.42;2;6;6;1;3136;;8;17;9;23;13;15;1;16;12;10;6;7;
ac01:20;;;;;;;18.04.42;2;6;6;1;3136;;8;17;9;23;13;15;20;16;12;10;6;7;
*08SQ=~~~16~~~N;s;;;;;;18.04.59;2;6;6;1;3153;;8;17;9;23;13;15;20;16;12;10;6;7;
a$$&H#;s;;;;;;18.04.59;2;6;6;1;3153;;8;17;9;23;13;15;20;16;12;10;6;7;
ap21:18;;;;;;;18.05.05;2;6;6;1;3159;;8;17;9;23;13;15;20;16;12;10;6;7;
az5;;;;;;;18.05.05;2;6;5;1;3159;;8;17;9;23;13;15;16;12;10;6;7;20;
a16SQ-~~~16;;;;;;;18.05.18;2;6;5;1;3172;;8;17;9;23;13;15;16;12;10;6;7;20;
*07RQ+~~~16;;;;;;;18.05.18;2;6;5;1;3172;;8;17;9;23;13;15;16;12;10;6;7;20;
*15EU+K7C~3;;;;;;;18.05.18;2;6;5;1;3174;;8;17;9;23;13;15;16;12;10;6;7;20;
*17AU#P7~38~T;s;r;;;;;18.05.27;2;6;5;1;3175;;8;17;9;23;13;15;16;12;10;6;7;20;
a$$&H=;s;;;;;;18.05.27;2;6;5;1;3175;;8;17;9;23;13;15;16;12;10;6;7;20;
*p22:18;;;;;;;18.05.32;2;6;5;1;3178;;8;17;9;23;13;15;16;12;10;6;7;20;
*z5;;;;;;;18.05.32;2;5;5;1;3186;;17;9;23;13;15;8;16;12;10;6;7;20;
*17SH-~~~55;;;;;;;18.05.57;2;5;5;1;3211;;17;9;23;13;15;8;16;12;10;6;7;20;
a20RH#~~~55;;;;;;;18.05.57;2;5;5;1;3211;;17;9;23;13;15;8;16;12;10;6;7;20;
a07EN+;;;;;;;18.05.57;2;5;5;1;3213;;17;9;23;13;15;8;16;12;10;6;7;20;
a12AT-W2~21~H;;r;;;;;18.06.10;2;5;5;1;3214;;17;9;23;13;15;8;16;12;10;6;7;20;
*23BN+~~~~4;;;;;;;18.06.10;2;5;5;1;3214;;17;9;23;13;15;8;16;12;10;6;7;20;
*08DH+~~~21;;;;;;;18.06.18;2;5;5;1;3214;;17;9;23;13;15;8;16;12;10;6;7;20;
*15EU+;;;;;;;18.06.18;2;5;5;1;3217;;17;9;23;13;15;8;16;12;10;6;7;20;
*13AU#P7~37~H;p;p;;;;;18.06.25;2;5;5;1;3218;;17;9;23;13;15;8;16;12;10;6;7;20;
a$$&H=;p;;;;;;18.06.25;2;5;5;1;3218;;17;9;23;13;15;8;16;12;10;6;7;20;
*p23:18;;;;;;;18.06.27;2;5;5;1;3221;;17;9;23;13;15;8;16;12;10;6;7;20;
*17SQ=~~~16;s;;;;;;18.06.27;2;5;5;1;3241;;17;9;23;13;15;8;16;12;10;6;7;20;
a$$&H#;s;;;;;;18.06.27;2;5;5;1;3241;;17;9;23;13;15;8;16;12;10;6;7;20;
ap23:19;;;;;;;18.06.30;2;5;5;1;3244;;17;9;23;13;15;8;16;12;10;6;7;20;
az4;;;;;;;18.06.30;2;5;4;1;3244;;17;9;23;13;15;8;12;10;6;7;20;16;
ac10:19;;;;;;;18.06.30;2;5;4;1;3244;;17;9;23;13;15;8;12;19;6;7;20;16;
a12SQ-~~~15;;;;;;;18.06.47;2;5;4;1;3261;;17;9;23;13;15;8;12;19;6;7;20;16;
*23RQ+~~~15;;;;;;;18.06.47;2;5;4;1;3261;;17;9;23;13;15;8;12;19;6;7;20;16;
*15EN+K1P~2;;;;;;;18.06.47;2;5;4;1;3263;;17;9;23;13;15;8;12;19;6;7;20;16;
*08AN-W8~88~P;;r;;;;;18.06.54;2;5;4;1;3264;;17;9;23;13;15;8;12;19;6;7;20;16;
a20DN#~~~88;;;;;;;18.06.54;2;5;4;1;3264;;17;9;23;13;15;8;12;19;6;7;20;16;
a07EU+;;;;;;;18.06.54;2;5;4;1;3267;;17;9;23;13;15;8;12;19;6;7;20;16;
a06AU#PP~35~H;p;p;;;;;18.07.05;2;5;4;1;3268;;17;9;23;13;15;8;12;19;6;7;20;16;
*$$&H=;p;;;;;;18.07.05;2;5;4;1;3268;;17;9;23;13;15;8;12;19;6;7;20;16;
ap23:20;;;;;;;18.07.08;2;5;4;1;3271;;17;9;23;13;15;8;12;19;6;7;20;16;
a12SQ-~~~16;;;;;;;18.07.13;2;5;4;1;3287;;17;9;23;13;15;8;12;19;6;7;20;16;
*08RQ#~~~16;;;;;;;18.07.13;2;5;4;1;3287;;17;9;23;13;15;8;12;19;6;7;20;16;
*15EN+K1P~3;;;;;;;18.07.13;2;5;4;1;3289;;17;9;23;13;15;8;12;19;6;7;20;16;
*08AN+W8~86~H;;r;;;;;18.07.20;2;5;4;1;3290;;17;9;23;13;15;8;12;19;6;7;20;16;
a17DN-~~~86;;;;;;;18.07.20;2;5;4;1;3290;;17;9;23;13;15;8;12;19;6;7;20;16;
*07FH#;;;;;;;18.07.25;2;5;4;1;3294;;17;9;23;13;15;8;12;19;6;7;20;16;
*15EN+;;;;;;;18.07.25;2;5;4;1;3297;;17;9;23;13;15;8;12;19;6;7;20;16;
*23AT#W4~46BH;s;s;;;;;18.07.26;2;5;4;1;3298;;17;9;23;13;15;8;12;19;6;7;20;16;
a$$&H=;s;;;;;;18.07.26;2;5;4;1;3298;;17;9;23;13;15;8;12;19;6;7;20;16;
*p24:20;;;;;;;18.07.45;2;5;4;1;3301;;17;9;23;13;15;8;12;19;6;7;20;16;
*z4;;;;;;;18.07.45;2;4;4;1;3319;;9;23;13;15;8;17;12;19;6;7;20;16;
*c15:12;;;;;;;18.07.45;2;4;4;1;3319;;9;23;13;12;8;17;12;19;6;7;20;16;
*P12;;;;;;;18.07.45;2;4;4;1;3319;;9;23;13;12;8;17;12;19;6;7;20;16;
*z4;;;;;;;18.07.45;2;4;4;1;3319;;9;23;13;12;8;17;12;19;6;7;20;16;
*09SH+~~~18;;;;;;;18.08.13;2;4;4;1;3347;;9;23;13;12;8;17;12;19;6;7;20;16;
a20RH-~~~18;;;;;;;18.08.13;2;4;4;1;3347;;9;23;13;12;8;17;12;19;6;7;20;16;
a07EH+KEF~8~3;;;;;;;18.08.13;2;4;4;1;3349;;9;23;13;12;8;17;12;19;6;7;20;16;
a10AH=I4~41BP;p;r;;;;;18.08.23;2;4;4;1;3350;;9;23;13;12;8;17;12;19;6;7;20;16;
*$$&H#;p;;;;;;18.08.23;2;4;4;1;3350;;9;23;13;12;8;17;12;19;6;7;20;16;
*p25:20;;;;;;;18.08.27;2;4;4;1;3353;;9;23;13;12;8;17;12;19;6;7;20;16;
**2set;;;;;;;18.08.27;3;4;4;1;3361;;;;;;;;;;;;;;
*P15>LUp;;;;;;;18.08.27;3;4;4;1;3361;;17;9;23;12;15;8;1;16;12;10;6;7;
*z5>LUp;;;;;;;18.08.27;3;5;4;1;3361;;17;9;23;12;15;8;1;16;12;10;6;7;
aP07>LUp;;;;;;;18.08.27;3;5;4;1;3361;;17;9;23;12;15;8;1;16;12;10;6;7;
az6>LUp;;;;;;;18.08.27;3;5;6;1;3361;;17;9;23;12;15;8;1;16;12;10;6;7;
a01SQ-~~~13;;;;;;;18.12.28;3;5;6;1;3602;;17;9;23;12;15;8;1;16;12;10;6;7;
*12RQ#~~~13;;;;;;;18.12.28;3;5;6;1;3602;;17;9;23;12;15;8;1;16;12;10;6;7;
*15EN+K1~~3;;;;;;;18.12.28;3;5;6;1;3604;;17;9;23;12;15;8;1;16;12;10;6;7;
*23AT#W4~46~H;s;r;;;;;18.12.34;3;5;6;1;3605;;17;9;23;12;15;8;1;16;12;10;6;7;
a$$&H=;s;;;;;;18.12.34;3;5;6;1;3605;;17;9;23;12;15;8;1;16;12;10;6;7;
*p01:00;;;;;;;18.12.45;3;5;6;1;3608;;17;9;23;12;15;8;1;16;12;10;6;7;
*z4;;;;;;;18.12.45;3;4;6;1;3619;;9;23;12;15;8;17;1;16;12;10;6;7;
*09SQ!~~~15;;;;;;;18.12.52;3;4;6;1;3626;;9;23;12;15;8;17;1;16;12;10;6;7;
a10RQ!~~~15;;;;;;;18.12.52;3;4;6;1;3626;;9;23;12;15;8;17;1;16;12;10;6;7;
a07EN+K2F~3;;;;;;;18.12.52;3;4;6;1;3628;;9;23;12;15;8;17;1;16;12;10;6;7;
a10AT#W4~47~H;s;r;;;;;18.12.59;3;4;6;1;3629;;9;23;12;15;8;17;1;16;12;10;6;7;
*07DN/~~~47;;;;;;;18.12.59;3;4;6;1;3629;;9;23;12;15;8;17;1;16;12;10;6;7;
*$$&H=;s;;;;;;18.12.59;3;4;6;1;3629;;9;23;12;15;8;17;1;16;12;10;6;7;
ap01:01;;;;;;;18.13.09;3;4;6;1;3632;;9;23;12;15;8;17;1;16;12;10;6;7;
az5;;;;;;;18.13.09;3;4;5;1;3643;;9;23;12;15;8;17;16;12;10;6;7;1;
a16SQ=~~~15D;s;;;;;;18.13.16;3;4;5;1;3650;;9;23;12;15;8;17;16;12;10;6;7;1;
*$$&H#;s;;;;;;18.13.16;3;4;5;1;3650;;9;23;12;15;8;17;16;12;10;6;7;1;
*p02:01;;;;;;;18.13.23;3;4;5;1;3657;;9;23;12;15;8;17;16;12;10;6;7;1;
*z3;;;;;;;18.13.23;3;3;5;1;3657;;23;12;15;8;17;9;16;12;10;6;7;1;
*23SQ/~~~16;;;;;;;18.13.36;3;3;5;1;3670;;23;12;15;8;17;9;16;12;10;6;7;1;
a01RQ/~~~16;;;;;;;18.13.36;3;3;5;1;3670;;23;12;15;8;17;9;16;12;10;6;7;1;
*15EH+;;;;;;;18.13.36;3;3;5;1;3672;;23;12;15;8;17;9;16;12;10;6;7;1;
*08AH+XQ~~~~H;;p;;;;;18.13.36;3;3;5;1;3673;;23;12;15;8;17;9;16;12;10;6;7;1;
a17DH-~~~~~~~1;;;;;;;18.13.36;3;3;5;1;3673;;23;12;15;8;17;9;16;12;10;6;7;1;
*09FH#;;;;;;;18.13.57;3;3;5;1;3677;;23;12;15;8;17;9;16;12;10;6;7;1;
*15AH#LL~~~~H;p;p;;;;;18.13.57;3;3;5;1;3680;;23;12;15;8;17;9;16;12;10;6;7;1;
a$$&H=;p;;;;;;18.13.57;3;3;5;1;3680;;23;12;15;8;17;9;16;12;10;6;7;1;
*p03:01;;;;;;;18.14.04;3;3;5;1;3683;;23;12;15;8;17;9;16;12;10;6;7;1;
*23SQ+~~~11;;;;;;;18.14.14;3;3;5;1;3708;;23;12;15;8;17;9;16;12;10;6;7;1;
a17RQ-~~~11;;;;;;;18.14.14;3;3;5;1;3708;;23;12;15;8;17;9;16;12;10;6;7;1;
a07EN+KEF~4;;;;;;;18.14.14;3;3;5;1;3710;;23;12;15;8;17;9;16;12;10;6;7;1;
a10AT-W4~47~H;;r;;;;;18.14.20;3;3;5;1;3711;;23;12;15;8;17;9;16;12;10;6;7;1;
*07DN#~~~47;;;;;;;18.14.20;3;3;5;1;3711;;23;12;15;8;17;9;16;12;10;6;7;1;
*15EN+;;;;;;;18.14.20;3;3;5;1;3714;;23;12;15;8;17;9;16;12;10;6;7;1;
*23AN#W8~87~H;p;p;;;;;18.14.24;3;3;5;1;3715;;23;12;15;8;17;9;16;12;10;6;7;1;
a17DN/~~~87;;;;;;;18.14.24;3;3;5;1;3715;;23;12;15;8;17;9;16;12;10;6;7;1;
a$$&H=;p;;;;;;18.14.24;3;3;5;1;3715;;23;12;15;8;17;9;16;12;10;6;7;1;
*p04:01;;;;;;;18.14.38;3;3;5;1;3718;;23;12;15;8;17;9;16;12;10;6;7;1;
*23SQ-~~~11;;;;;;;18.14.41;3;3;5;1;3735;;23;12;15;8;17;9;16;12;10;6;7;1;
a17RQ+~~~11;;;;;;;18.14.41;3;3;5;1;3735;;23;12;15;8;17;9;16;12;10;6;7;1;
a07EU+K7C~4;;;;;;;18.14.41;3;3;5;1;3737;;23;12;15;8;17;9;16;12;10;6;7;1;
a06AU#P7~35~H;s;r;;;;;18.14.48;3;3;5;1;3738;;23;12;15;8;17;9;16;12;10;6;7;1;
*23DU/~~~35;;;;;;;18.14.48;3;3;5;1;3738;;23;12;15;8;17;9;16;12;10;6;7;1;
*$$&H=;s;;;;;;18.14.48;3;3;5;1;3738;;23;12;15;8;17;9;16;12;10;6;7;1;
ap04:02;;;;;;;18.15.00;3;3;5;1;3741;;23;12;15;8;17;9;16;12;10;6;7;1;
az4;;;;;;;18.15.00;3;3;4;1;3754;;23;12;15;8;17;9;12;10;6;7;1;16;
a12SQ=~~~15D;s;;;;;;18.15.13;3;3;4;1;3767;;23;12;15;8;17;9;12;10;6;7;1;16;
*$$&H#;s;;;;;;18.15.13;3;3;4;1;3767;;23;12;15;8;17;9;12;10;6;7;1;16;
*p05:02;;;;;;;18.15.17;3;3;4;1;3771;;23;12;15;8;17;9;12;10;6;7;1;16;
*z2;;;;;;;18.15.17;3;2;4;1;3771;;12;15;8;17;9;23;12;10;6;7;1;16;
*12SH-~~~55;;;;;;;18.15.29;3;2;4;1;3783;;12;15;8;17;9;23;12;10;6;7;1;16;
a10RH#~~~55;;;;;;;18.15.29;3;2;4;1;3783;;12;15;8;17;9;23;12;10;6;7;1;16;
a07EU+K3C~4;;;;;;;18.15.29;3;2;4;1;3785;;12;15;8;17;9;23;12;10;6;7;1;16;
a06AU#P3~39~H;s;r;;;;;18.15.39;3;2;4;1;3786;;12;15;8;17;9;23;12;10;6;7;1;16;
*17BU/~~~~3;s;;;;;;18.15.39;3;2;4;1;3786;;12;15;8;17;9;23;12;10;6;7;1;16;
ap05:03;;;;;;;18.15.44;3;2;4;1;3789;;12;15;8;17;9;23;12;10;6;7;1;16;
az3;;;;;;;18.15.44;3;2;3;1;3798;;12;15;8;17;9;23;10;6;7;1;16;12;
a10SH-~~~16;;;;;;;18.15.49;3;2;3;1;3803;;12;15;8;17;9;23;10;6;7;1;16;12;
*23RH#~~~16;;;;;;;18.15.49;3;2;3;1;3803;;12;15;8;17;9;23;10;6;7;1;16;12;
*15EU+K1C~3;;;;;;;18.15.49;3;2;3;1;3805;;12;15;8;17;9;23;10;6;7;1;16;12;
*17AU-PP~35~H;;r;;;;;18.15.59;3;2;3;1;3806;;12;15;8;17;9;23;10;6;7;1;16;12;
a17DU#~~~35;;;;;;;18.15.59;3;2;3;1;3806;;12;15;8;17;9;23;10;6;7;1;16;12;
a07EH+;;;;;;;18.15.59;3;2;3;1;3809;;12;15;8;17;9;23;10;6;7;1;16;12;
a01AH#Y4~48~T;p;p;;;;;18.16.05;3;2;3;1;3810;;12;15;8;17;9;23;10;6;7;1;16;12;
*$$&H=;p;;;;;;18.16.05;3;2;3;1;3810;;12;15;8;17;9;23;10;6;7;1;16;12;
ap05:04;;;;;;;18.16.09;3;2;3;1;3813;;12;15;8;17;9;23;10;6;7;1;16;12;
a10SH-~~~16;;;;;;;18.16.13;3;2;3;1;3827;;12;15;8;17;9;23;10;6;7;1;16;12;
*23RH+~~~16;;;;;;;18.16.13;3;2;3;1;3827;;12;15;8;17;9;23;10;6;7;1;16;12;
*15EU+K3C~3;;;;;;;18.16.13;3;2;3;1;3829;;12;15;8;17;9;23;10;6;7;1;16;12;
*17AU#PP~35~H;s;r;;;;;18.16.20;3;2;3;1;3830;;12;15;8;17;9;23;10;6;7;1;16;12;
a06BU/~~~~3;s;;;;;;18.16.20;3;2;3;1;3830;;12;15;8;17;9;23;10;6;7;1;16;12;
*p06:04;;;;;;;18.16.31;3;2;3;1;3833;;12;15;8;17;9;23;10;6;7;1;16;12;
*z1;;;;;;;18.16.31;3;1;3;1;3845;;15;8;17;9;23;12;10;6;7;1;16;12;
*15SH-~~~11;;;;;;;18.16.33;3;1;3;1;3847;;15;8;17;9;23;12;10;6;7;1;16;12;
a10RH#~~~11;;;;;;;18.16.33;3;1;3;1;3847;;15;8;17;9;23;12;10;6;7;1;16;12;
a07EU+K3C~3;;;;;;;18.16.33;3;1;3;1;3849;;15;8;17;9;23;12;10;6;7;1;16;12;
a06AU#P3~36~H;s;r;;;;;18.16.38;3;1;3;1;3850;;15;8;17;9;23;12;10;6;7;1;16;12;
*$$&H=;s;;;;;;18.16.38;3;1;3;1;3850;;15;8;17;9;23;12;10;6;7;1;16;12;
ap06:05;;;;;;;18.16.42;3;1;3;1;3853;;15;8;17;9;23;12;10;6;7;1;16;12;
az2;;;;;;;18.16.42;3;1;2;1;3856;;15;8;17;9;23;12;6;7;1;16;12;10;
a06SQ-~~~61;;;;;;;18.16.54;3;1;2;1;3868;;15;8;17;9;23;12;6;7;1;16;12;10;
*08RQ#~~~61~O;;;;;;;18.16.54;3;1;2;1;3868;;15;8;17;9;23;12;6;7;1;16;12;10;
*15EU+K7C~3;;;;;;;18.16.54;3;1;2;1;3870;;15;8;17;9;23;12;6;7;1;16;12;10;
*17AU#P7~36~H;s;r;;;;;18.16.59;3;1;2;1;3871;;15;8;17;9;23;12;6;7;1;16;12;10;
a$$&H=;s;;;;;;18.16.59;3;1;2;1;3871;;15;8;17;9;23;12;6;7;1;16;12;10;
*p07:05;;;;;;;18.17.06;3;1;2;1;3874;;15;8;17;9;23;12;6;7;1;16;12;10;
*z6;;;;;;;18.17.06;3;6;2;1;3880;;8;17;9;23;12;15;6;7;1;16;12;10;
*08SQ-~~~15;;;;;;;18.17.15;3;6;2;1;3889;;8;17;9;23;12;15;6;7;1;16;12;10;
a01RQ+~~~15;;;;;;;18.17.15;3;6;2;1;3889;;8;17;9;23;12;15;6;7;1;16;12;10;
a07EN+;;;;;;;18.17.15;3;6;2;1;3891;;8;17;9;23;12;15;6;7;1;16;12;10;
a12AN-W9~93~T;;r;;;;;18.17.22;3;6;2;1;3892;;8;17;9;23;12;15;6;7;1;16;12;10;
*09DN#~~~93;;;;;;;18.17.22;3;6;2;1;3892;;8;17;9;23;12;15;6;7;1;16;12;10;
*15EN+;;;;;;;18.17.22;3;6;2;1;3895;;8;17;9;23;12;15;6;7;1;16;12;10;
*08AN-W9~96~H;;p;;;;;18.17.26;3;6;2;1;3896;;8;17;9;23;12;15;6;7;1;16;12;10;
a01BN+~~~~4;;;;;;;18.17.26;3;6;2;1;3896;;8;17;9;23;12;15;6;7;1;16;12;10;
a10FH#;;;;;;;18.17.26;3;6;2;1;3900;;8;17;9;23;12;15;6;7;1;16;12;10;
a07EN+;;;;;;;18.17.26;3;6;2;1;3903;;8;17;9;23;12;15;6;7;1;16;12;10;
a12AN+W9~95DH;;s;;;;;18.17.30;3;6;2;1;3904;;8;17;9;23;12;15;6;7;1;16;12;10;
*15DN+~~~95D;;;;;;;18.17.30;3;6;2;1;3904;;8;17;9;23;12;15;6;7;1;16;12;10;
a17FH#;;;;;;;18.17.29;3;6;2;1;3908;;8;17;9;23;12;15;6;7;1;16;12;10;
a07AH#LL~~~~H;s;s;;;;;18.17.29;3;6;2;1;3911;;8;17;9;23;12;15;6;7;1;16;12;10;
*$$&H=;s;;;;;;18.17.29;3;6;2;1;3911;;8;17;9;23;12;15;6;7;1;16;12;10;
ap07:06;;;;;;;18.17.51;3;6;2;1;3914;;8;17;9;23;12;15;6;7;1;16;12;10;
az1;;;;;;;18.17.51;3;6;1;1;3925;;8;17;9;23;12;15;7;1;16;12;10;6;
a07SQ-~~~16;;;;;;;18.17.55;3;6;1;1;3929;;8;17;9;23;12;15;7;1;16;12;10;6;
*07RQ+~~~16;;;;;;;18.17.55;3;6;1;1;3929;;8;17;9;23;12;15;7;1;16;12;10;6;
*15EN+K3B~2;;;;;;;18.17.55;3;6;1;1;3931;;8;17;9;23;12;15;7;1;16;12;10;6;
*09AN#W9~91~H;s;r;;;;;18.18.01;3;6;1;1;3932;;8;17;9;23;12;15;7;1;16;12;10;6;
a16BN/~~~~4;s;;;;;;18.18.01;3;6;1;1;3932;;8;17;9;23;12;15;7;1;16;12;10;6;
*p08:06;;;;;;;18.18.44;3;6;1;1;3935;;8;17;9;23;12;15;7;1;16;12;10;6;
*z5;;;;;;;18.18.44;3;5;1;1;3978;;17;9;23;12;15;8;7;1;16;12;10;6;
*17SH/~~~56;;;;;;;18.19.15;3;5;1;1;4009;;17;9;23;12;15;8;7;1;16;12;10;6;
a10RH/~~~56;;;;;;;18.19.15;3;5;1;1;4009;;17;9;23;12;15;8;7;1;16;12;10;6;
a07EU+K1C~3~1;;;;;;;18.19.15;3;5;1;1;4011;;17;9;23;12;15;8;7;1;16;12;10;6;
a16AO+P2~39~T~N;;r;;;;;18.19.25;3;5;1;1;4012;;17;9;23;12;15;8;7;1;16;12;10;6;
*15EH+;;;;;;;18.19.25;3;5;1;1;4015;;17;9;23;12;15;8;7;1;16;12;10;6;
*23AH#I4~49BT;p;p;;;;;18.19.34;3;5;1;1;4016;;17;9;23;12;15;8;7;1;16;12;10;6;
a01BH/~~~~2;p;;;;;;18.19.34;3;5;1;1;4016;;17;9;23;12;15;8;7;1;16;12;10;6;
*p09:06;;;;;;;18.19.40;3;5;1;1;4019;;17;9;23;12;15;8;7;1;16;12;10;6;
*17SH-~~~54;;;;;;;18.19.42;3;5;1;1;4036;;17;9;23;12;15;8;7;1;16;12;10;6;
a12RH+~~~54;;;;;;;18.19.42;3;5;1;1;4036;;17;9;23;12;15;8;7;1;16;12;10;6;
a07EU+K1C~3;;;;;;;18.19.42;3;5;1;1;4038;;17;9;23;12;15;8;7;1;16;12;10;6;
a16AU#PP~36~H;s;r;;;;;18.19.49;3;5;1;1;4039;;17;9;23;12;15;8;7;1;16;12;10;6;
*$$&H=;s;;;;;;18.19.49;3;5;1;1;4039;;17;9;23;12;15;8;7;1;16;12;10;6;
ap09:07;;;;;;;18.20.01;3;5;1;1;4042;;17;9;23;12;15;8;7;1;16;12;10;6;
az6;;;;;;;18.20.01;3;5;6;1;4055;;17;9;23;12;15;8;1;16;12;10;6;7;
a01SQ-~~~15;;;;;;;18.20.03;3;5;6;1;4057;;17;9;23;12;15;8;1;16;12;10;6;7;
*23RQ+~~~15;;;;;;;18.20.03;3;5;6;1;4057;;17;9;23;12;15;8;1;16;12;10;6;7;
*15EN+K1P~3;;;;;;;18.20.03;3;5;6;1;4059;;17;9;23;12;15;8;1;16;12;10;6;7;
*08AN#W8~85~H;s;r;;;;;18.20.10;3;5;6;1;4060;;17;9;23;12;15;8;1;16;12;10;6;7;
a$$&H=;s;;;;;;18.20.10;3;5;6;1;4060;;17;9;23;12;15;8;1;16;12;10;6;7;
*p10:07;;;;;;;18.20.12;3;5;6;1;4063;;17;9;23;12;15;8;1;16;12;10;6;7;
*z4;;;;;;;18.20.12;3;4;6;1;4066;;9;23;12;15;8;17;1;16;12;10;6;7;
*09SQ#~~~11B~~N;p;;;;;;18.20.24;3;4;6;1;4078;;9;23;12;15;8;17;1;16;12;10;6;7;
a01RQ=~~~11B;p;;;;;;18.20.24;3;4;6;1;4078;;9;23;12;15;8;17;1;16;12;10;6;7;
*p11:07;;;;;;;18.20.30;3;4;6;1;4081;;9;23;12;15;8;17;1;16;12;10;6;7;
*09SQ=~~~15~~~N;s;;;;;;18.20.44;3;4;6;1;4098;;9;23;12;15;8;17;1;16;12;10;6;7;
a$$&H#;s;;;;;;18.20.44;3;4;6;1;4098;;9;23;12;15;8;17;1;16;12;10;6;7;
ap11:08;;;;;;;18.20.48;3;4;6;1;4102;;9;23;12;15;8;17;1;16;12;10;6;7;
az5;;;;;;;18.20.48;3;4;5;1;4102;;9;23;12;15;8;17;16;12;10;6;7;1;
a16SH-~~~55;;;;;;;18.21.02;3;4;5;1;4116;;9;23;12;15;8;17;16;12;10;6;7;1;
*08RH#~~~55;;;;;;;18.21.02;3;4;5;1;4116;;9;23;12;15;8;17;16;12;10;6;7;1;
*15EU+K1C~3;;;;;;;18.21.02;3;4;5;1;4118;;9;23;12;15;8;17;16;12;10;6;7;1;
*17AU#PP~31~H;s;r;;;;;18.21.08;3;4;5;1;4119;;9;23;12;15;8;17;16;12;10;6;7;1;
a06BU/~~~~3;s;;;;;;18.21.08;3;4;5;1;4119;;9;23;12;15;8;17;16;12;10;6;7;1;
*p12:08;;;;;;;18.21.10;3;4;5;1;4122;;9;23;12;15;8;17;16;12;10;6;7;1;
*z3;;;;;;;18.21.10;3;3;5;1;4124;;23;12;15;8;17;9;16;12;10;6;7;1;
*23SQ!~~~11;;;;;;;18.22.32;3;3;5;1;4206;;23;12;15;8;17;9;16;12;10;6;7;1;
a17RQ!~~~11;;;;;;;18.22.32;3;3;5;1;4206;;23;12;15;8;17;9;16;12;10;6;7;1;
a07EU+K1C~2;;;;;;;18.22.32;3;3;5;1;4208;;23;12;15;8;17;9;16;12;10;6;7;1;
a06AU/PP~31~H;p;r;;;;;18.22.40;3;3;5;1;4209;;23;12;15;8;17;9;16;12;10;6;7;1;
*12BU#~~~~3;p;;;;;;18.22.40;3;3;5;1;4209;;23;12;15;8;17;9;16;12;10;6;7;1;
*p13:08;;;;;;;18.22.49;3;3;5;1;4212;;23;12;15;8;17;9;16;12;10;6;7;1;
*23SQ+~~~11;;;;;;;18.23.04;3;3;5;1;4238;;23;12;15;8;17;9;16;12;10;6;7;1;
a17RQ-~~~11;;;;;;;18.23.04;3;3;5;1;4238;;23;12;15;8;17;9;16;12;10;6;7;1;
a07EH+;;;;;;;18.23.04;3;3;5;1;4240;;23;12;15;8;17;9;16;12;10;6;7;1;
a10AH-I4~41~H;;r;;;;;18.23.11;3;3;5;1;4241;;23;12;15;8;17;9;16;12;10;6;7;1;
*15BH+~~~~2;;;;;;;18.23.11;3;3;5;1;4241;;23;12;15;8;17;9;16;12;10;6;7;1;
*07FH#;;;;;;;18.23.16;3;3;5;1;4245;;23;12;15;8;17;9;16;12;10;6;7;1;
*15EN+;;;;;;;18.23.16;3;3;5;1;4248;;23;12;15;8;17;9;16;12;10;6;7;1;
*23AN+W8~87~H;;p;;;;;18.23.19;3;3;5;1;4249;;23;12;15;8;17;9;16;12;10;6;7;1;
a17DN+~~~87;;;;;;;18.23.19;3;3;5;1;4249;;23;12;15;8;17;9;16;12;10;6;7;1;
a07EH+;;;;;;;18.23.19;3;3;5;1;4252;;23;12;15;8;17;9;16;12;10;6;7;1;
a10AH=Y4~47~H;p;s;;;;;18.23.24;3;3;5;1;4253;;23;12;15;8;17;9;16;12;10;6;7;1;
*$$&H#;p;;;;;;18.23.24;3;3;5;1;4253;;23;12;15;8;17;9;16;12;10;6;7;1;
*p14:08;;;;;;;18.23.44;3;3;5;1;4256;;23;12;15;8;17;9;16;12;10;6;7;1;
*23SQ!~~~11;;;;;;;18.23.48;3;3;5;1;4282;;23;12;15;8;17;9;16;12;10;6;7;1;
a17RQ!~~~11;;;;;;;18.23.48;3;3;5;1;4282;;23;12;15;8;17;9;16;12;10;6;7;1;
a07EU+KPC~4;;;;;;;18.23.48;3;3;5;1;4284;;23;12;15;8;17;9;16;12;10;6;7;1;
a06AO=P2~39~H;p;r;;;;;18.23.56;3;3;5;1;4285;;23;12;15;8;17;9;16;12;10;6;7;1;
*$$&H#;p;;;;;;18.23.56;3;3;5;1;4285;;23;12;15;8;17;9;16;12;10;6;7;1;
*p15:08;;;;;;;18.23.59;3;3;5;1;4288;;23;12;15;8;17;9;16;12;10;6;7;1;
*23SQ=~~~16~~~N;s;;;;;;18.24.26;3;3;5;1;4320;;23;12;15;8;17;9;16;12;10;6;7;1;
a$$&H#;s;;;;;;18.24.26;3;3;5;1;4320;;23;12;15;8;17;9;16;12;10;6;7;1;
ap15:09;;;;;;;18.24.31;3;3;5;1;4325;;23;12;15;8;17;9;16;12;10;6;7;1;
az4;;;;;;;18.24.31;3;3;4;1;4325;;23;12;15;8;17;9;12;10;6;7;1;16;
a12SQ-~~~16;;;;;;;18.24.43;3;3;4;1;4337;;23;12;15;8;17;9;12;10;6;7;1;16;
*08RQ#~~~16;;;;;;;18.24.43;3;3;4;1;4337;;23;12;15;8;17;9;12;10;6;7;1;16;
*15EU+K2C~3;;;;;;;18.24.43;3;3;4;1;4339;;23;12;15;8;17;9;12;10;6;7;1;16;
*12AO-P2~31~H;;r;;;;;18.24.50;3;3;4;1;4340;;23;12;15;8;17;9;12;10;6;7;1;16;
a12DU#~~~31;;;;;;;18.24.50;3;3;4;1;4340;;23;12;15;8;17;9;12;10;6;7;1;16;
a07EN+;;;;;;;18.24.50;3;3;4;1;4343;;23;12;15;8;17;9;12;10;6;7;1;16;
a01AN+W8~85~H;;p;;;;;18.24.52;3;3;4;1;4344;;23;12;15;8;17;9;12;10;6;7;1;16;
*07DN+~~~85;;;;;;;18.24.52;3;3;4;1;4344;;23;12;15;8;17;9;12;10;6;7;1;16;
*15EN+;;;;;;;18.24.52;3;3;4;1;4347;;23;12;15;8;17;9;12;10;6;7;1;16;
*09AN-W9~96~H;;s;;;;;18.24.56;3;3;4;1;4348;;23;12;15;8;17;9;12;10;6;7;1;16;
a01DN#~~~96;;;;;;;18.24.56;3;3;4;1;4348;;23;12;15;8;17;9;12;10;6;7;1;16;
a07EU+;;;;;;;18.24.56;3;3;4;1;4351;;23;12;15;8;17;9;12;10;6;7;1;16;
a06AU#P3~37~H;p;p;;;;;18.25.00;3;3;4;1;4352;;23;12;15;8;17;9;12;10;6;7;1;16;
*$$&H=;p;;;;;;18.25.00;3;3;4;1;4352;;23;12;15;8;17;9;12;10;6;7;1;16;
ap15:10;;;;;;;18.25.19;3;3;4;1;4355;;23;12;15;8;17;9;12;10;6;7;1;16;
a12SQ=~~~15D;s;;;;;;18.25.26;3;3;4;1;4380;;23;12;15;8;17;9;12;10;6;7;1;16;
*$$&H#;s;;;;;;18.25.26;3;3;4;1;4380;;23;12;15;8;17;9;12;10;6;7;1;16;
*p16:10;;;;;;;18.25.33;3;3;4;1;4387;;23;12;15;8;17;9;12;10;6;7;1;16;
*z2;;;;;;;18.25.33;3;2;4;1;4387;;12;15;8;17;9;23;12;10;6;7;1;16;
*12SH-~~~58;;;;;;;18.25.43;3;2;4;1;4397;;12;15;8;17;9;23;12;10;6;7;1;16;
a17RH+~~~58;;;;;;;18.25.43;3;2;4;1;4397;;12;15;8;17;9;23;12;10;6;7;1;16;
a07EN+K1B~3;;;;;;;18.25.43;3;2;4;1;4399;;12;15;8;17;9;23;12;10;6;7;1;16;
a12AN#W9~95DH;s;r;;;;;18.25.55;3;2;4;1;4400;;12;15;8;17;9;23;12;10;6;7;1;16;
*$$&H=;s;;;;;;18.25.55;3;2;4;1;4400;;12;15;8;17;9;23;12;10;6;7;1;16;
ap16:11;;;;;;;18.25.58;3;2;4;1;4403;;12;15;8;17;9;23;12;10;6;7;1;16;
az3;;;;;;;18.25.58;3;2;3;1;4412;;12;15;8;17;9;23;10;6;7;1;16;12;
a10SH-~~~16;;;;;;;18.26.04;3;2;3;1;4418;;12;15;8;17;9;23;10;6;7;1;16;12;
*23RH#~~~16;;;;;;;18.26.04;3;2;3;1;4418;;12;15;8;17;9;23;10;6;7;1;16;12;
*15EU+K7C~3;;;;;;;18.26.04;3;2;3;1;4420;;12;15;8;17;9;23;10;6;7;1;16;12;
*17AU#P7~39~T;s;r;;;;;18.26.10;3;2;3;1;4421;;12;15;8;17;9;23;10;6;7;1;16;12;
a$$&H=;s;;;;;;18.26.10;3;2;3;1;4421;;12;15;8;17;9;23;10;6;7;1;16;12;
*p17:11;;;;;;;18.26.15;3;2;3;1;4424;;12;15;8;17;9;23;10;6;7;1;16;12;
*z1;;;;;;;18.26.15;3;1;3;1;4429;;15;8;17;9;23;12;10;6;7;1;16;12;
*15SQ+~~~11;;;;;;;18.26.24;3;1;3;1;4438;;15;8;17;9;23;12;10;6;7;1;16;12;
a10RQ-~~~11;;;;;;;18.26.24;3;1;3;1;4438;;15;8;17;9;23;12;10;6;7;1;16;12;
*15EN+K1F~3;;;;;;;18.26.24;3;1;3;1;4440;;15;8;17;9;23;12;10;6;7;1;16;12;
a01AT+W4~46~H;;r;;;;;18.26.29;3;1;3;1;4441;;15;8;17;9;23;12;10;6;7;1;16;12;
*23DN-~~~46;;;;;;;18.26.29;3;1;3;1;4441;;15;8;17;9;23;12;10;6;7;1;16;12;
*15EH+;;;;;;;18.26.29;3;1;3;1;4444;;15;8;17;9;23;12;10;6;7;1;16;12;
*08AH=I4~45~H;s;p;;;;;18.26.29;3;1;3;1;4445;;15;8;17;9;23;12;10;6;7;1;16;12;
a$$&H#;s;;;;;;18.26.29;3;1;3;1;4445;;15;8;17;9;23;12;10;6;7;1;16;12;
ap17:12;;;;;;;18.26.54;3;1;3;1;4448;;15;8;17;9;23;12;10;6;7;1;16;12;
az2;;;;;;;18.26.54;3;1;2;1;4468;;15;8;17;9;23;12;6;7;1;16;12;10;
a06SQ=~~~66;s;;;;;;18.28.23;3;1;2;1;4557;;15;8;17;9;23;12;6;7;1;16;12;10;
*$$&H#;s;;;;;;18.28.23;3;1;2;1;4557;;15;8;17;9;23;12;6;7;1;16;12;10;
*p18:12;;;;;;;18.28.28;3;1;2;1;4562;;15;8;17;9;23;12;6;7;1;16;12;10;
*z6;;;;;;;18.28.28;3;6;2;1;4562;;8;17;9;23;12;15;6;7;1;16;12;10;
*08SQ#~~~15D;p;;;;;;18.28.42;3;6;2;1;4576;;8;17;9;23;12;15;6;7;1;16;12;10;
a01RQ=~~~15D;p;;;;;;18.28.42;3;6;2;1;4576;;8;17;9;23;12;15;6;7;1;16;12;10;
*p19:12;;;;;;;18.28.52;3;6;2;1;4579;;8;17;9;23;12;15;6;7;1;16;12;10;
aT;;;;;;;18.28.52;3;6;2;1;4586;;8;17;9;23;12;15;6;7;1;16;12;10;
*08SQ#~~~15D;p;;;;;;18.30.10;3;6;2;1;4664;;8;17;9;23;12;15;6;7;1;16;12;10;
a01RQ=~~~15D;p;;;;;;18.30.10;3;6;2;1;4664;;8;17;9;23;12;15;6;7;1;16;12;10;
*p20:12;;;;;;;18.30.17;3;6;2;1;4667;;8;17;9;23;12;15;6;7;1;16;12;10;
*08SQ=~~~16;s;;;;;;18.30.36;3;6;2;1;4690;;8;17;9;23;12;15;6;7;1;16;12;10;
a$$&H#;s;;;;;;18.30.36;3;6;2;1;4690;;8;17;9;23;12;15;6;7;1;16;12;10;
ap20:13;;;;;;;18.30.49;3;6;2;1;4703;;8;17;9;23;12;15;6;7;1;16;12;10;
az1;;;;;;;18.30.49;3;6;1;1;4703;;8;17;9;23;12;15;7;1;16;12;10;6;
*c08:04;;;;;;;18.30.49;3;6;1;1;4703;;4;17;9;23;12;15;7;1;16;12;10;6;
a07SQ!~~~11;;;;;;;18.30.58;3;6;1;1;4712;;4;17;9;23;12;15;7;1;16;12;10;6;
*04RQ!~~~11;;;;;;;18.30.58;3;6;1;1;4712;;4;17;9;23;12;15;7;1;16;12;10;6;
*15EN+K2B~2;;;;;;;18.30.58;3;6;1;1;4714;;4;17;9;23;12;15;7;1;16;12;10;6;
*09AT#W2~28~H;s;r;;;;;18.31.08;3;6;1;1;4715;;4;17;9;23;12;15;7;1;16;12;10;6;
a$$&H=;s;;;;;;18.31.08;3;6;1;1;4715;;4;17;9;23;12;15;7;1;16;12;10;6;
*p21:13;;;;;;;18.31.12;3;6;1;1;4718;;4;17;9;23;12;15;7;1;16;12;10;6;
*z5;;;;;;;18.31.12;3;5;1;1;4726;;17;9;23;12;15;4;7;1;16;12;10;6;
*17SH-~~~56;;;;;;;18.31.19;3;5;1;1;4733;;17;9;23;12;15;4;7;1;16;12;10;6;
a10RH+~~~56;;;;;;;18.31.19;3;5;1;1;4733;;17;9;23;12;15;4;7;1;16;12;10;6;
a07EU+K1C~3;;;;;;;18.31.19;3;5;1;1;4735;;17;9;23;12;15;4;7;1;16;12;10;6;
a16AU-PP~36~H;;r;;;;;18.31.25;3;5;1;1;4736;;17;9;23;12;15;4;7;1;16;12;10;6;
*15EN+;;;;;;;18.31.25;3;5;1;1;4739;;17;9;23;12;15;4;7;1;16;12;10;6;
*23AT#W4~48~T;p;p;;;;;18.31.30;3;5;1;1;4740;;17;9;23;12;15;4;7;1;16;12;10;6;
a$$&H=;p;;;;;;18.31.30;3;5;1;1;4740;;17;9;23;12;15;4;7;1;16;12;10;6;
*p22:13;;;;;;;18.31.39;3;5;1;1;4743;;17;9;23;12;15;4;7;1;16;12;10;6;
*17SH-~~~55;;;;;;;18.31.43;3;5;1;1;4757;;17;9;23;12;15;4;7;1;16;12;10;6;
a10RH#~~~55;;;;;;;18.31.43;3;5;1;1;4757;;17;9;23;12;15;4;7;1;16;12;10;6;
a07EU+K1C~3;;;;;;;18.31.43;3;5;1;1;4759;;17;9;23;12;15;4;7;1;16;12;10;6;
a16AU#PP~36~H;s;r;;;;;18.31.51;3;5;1;1;4760;;17;9;23;12;15;4;7;1;16;12;10;6;
*$$&H=;s;;;;;;18.31.51;3;5;1;1;4760;;17;9;23;12;15;4;7;1;16;12;10;6;
ap22:14;;;;;;;18.31.54;3;5;1;1;4763;;17;9;23;12;15;4;7;1;16;12;10;6;
az6;;;;;;;18.31.54;3;5;6;1;4768;;17;9;23;12;15;4;1;16;12;10;6;7;
a01SQ-~~~11;;;;;;;18.32.04;3;5;6;1;4778;;17;9;23;12;15;4;1;16;12;10;6;7;
*07RQ#~~~11;;;;;;;18.32.04;3;5;6;1;4778;;17;9;23;12;15;4;1;16;12;10;6;7;
*15EU+K7C~3;;;;;;;18.32.04;3;5;6;1;4780;;17;9;23;12;15;4;1;16;12;10;6;7;
*12AU+P7~35~H;;r;;;;;18.32.12;3;5;6;1;4781;;17;9;23;12;15;4;1;16;12;10;6;7;
a16BU=~~~~3;s;;;;;;18.32.12;3;5;6;1;4781;;17;9;23;12;15;4;1;16;12;10;6;7;
*$$&H#;s;;;;;;18.32.12;3;5;6;1;4781;;17;9;23;12;15;4;1;16;12;10;6;7;
*p23:14;;;;;;;18.32.24;3;5;6;1;4784;;17;9;23;12;15;4;1;16;12;10;6;7;
*z4;;;;;;;18.32.24;3;4;6;1;4798;;9;23;12;15;4;17;1;16;12;10;6;7;
*09SQ-~~~16;;;;;;;18.32.32;3;4;6;1;4806;;9;23;12;15;4;17;1;16;12;10;6;7;
a17RQ+~~~16;;;;;;;18.32.32;3;4;6;1;4806;;9;23;12;15;4;17;1;16;12;10;6;7;
a07EH=;p;;;;;;18.32.50;3;4;6;1;4806;;9;23;12;15;4;17;1;16;12;10;6;7;
*$$&H#;p;;;;;;18.32.50;3;4;6;1;4806;;9;23;12;15;4;17;1;16;12;10;6;7;
*p24:14;;;;;;;18.32.52;3;4;6;1;4809;;9;23;12;15;4;17;1;16;12;10;6;7;
*09SQ=~~~11~~~N;s;;;;;;18.32.56;3;4;6;1;4830;;9;23;12;15;4;17;1;16;12;10;6;7;
a$$&H#;s;;;;;;18.32.56;3;4;6;1;4830;;9;23;12;15;4;17;1;16;12;10;6;7;
ap24:15;;;;;;;18.33.00;3;4;6;1;4834;;9;23;12;15;4;17;1;16;12;10;6;7;
az5;;;;;;;18.33.00;3;4;5;1;4834;;9;23;12;15;4;17;16;12;10;6;7;1;
a16SH!~~~56;;;;;;;18.33.13;3;4;5;1;4847;;9;23;12;15;4;17;16;12;10;6;7;1;
*07RH!~~~56;;;;;;;18.33.13;3;4;5;1;4847;;9;23;12;15;4;17;16;12;10;6;7;1;
*15EN+K1B~3;;;;;;;18.33.13;3;4;5;1;4849;;9;23;12;15;4;17;16;12;10;6;7;1;
*09AN=W9~96~H;p;r;;;;;18.33.26;3;4;5;1;4850;;9;23;12;15;4;17;16;12;10;6;7;1;
a$$&H#;p;;;;;;18.33.26;3;4;5;1;4850;;9;23;12;15;4;17;16;12;10;6;7;1;
ap24:16;;;;;;;18.33.55;3;4;5;1;4853;;9;23;12;15;4;17;16;12;10;6;7;1;
a16SH-~~~69;;;;;;;18.34.02;3;4;5;1;4896;;9;23;12;15;4;17;16;12;10;6;7;1;
*07RH#~~~69;;;;;;;18.34.02;3;4;5;1;4896;;9;23;12;15;4;17;16;12;10;6;7;1;
*15EN+K1F~3;;;;;;;18.34.02;3;4;5;1;4898;;9;23;12;15;4;17;16;12;10;6;7;1;
*23AT+W4~45~H;;r;;;;;18.34.10;3;4;5;1;4899;;9;23;12;15;4;17;16;12;10;6;7;1;
*07FH#;;;;;;;18.34.13;3;4;5;1;4903;;9;23;12;15;4;17;16;12;10;6;7;1;
*15EU+;;;;;;;18.34.13;3;4;5;1;4906;;9;23;12;15;4;17;16;12;10;6;7;1;
*12AU#PP~35~H;s;s;;;;;18.34.16;3;4;5;1;4907;;9;23;12;15;4;17;16;12;10;6;7;1;
a$$&H=;s;;;;;;18.34.16;3;4;5;1;4907;;9;23;12;15;4;17;16;12;10;6;7;1;
*p25:16;;;;;;;18.34.19;3;4;5;1;4910;;9;23;12;15;4;17;16;12;10;6;7;1;
**3set;;;;;;;18.34.19;4;4;5;1;4913;;;;;;;;;;;;;;
